0.991412,0.991412,0.991412,0.991412,0.991412,0.991412,0.991412,0.991412,0.991412,0.991412,0.991412,0.991412,0.991412,0.991412,0.991412,0.991412,0.991412,0.991412,0.991412,0.991412,0.991412,0.991412,0.991412,0.991412,0.991412,0.991412,0.991412,0.991412,0.991412,0.991412,0.991412,0.991412,0.991412,0.991412,0.991412,0.991412,0.991412,0.991412,0.991412,0.991412,0.991412,0.991412,0.991412,0.991412,0.991412,0.991412,0.991412,0.991412,0.991412,0.991412,0.991412,0.991412,0.991412,0.991412,0.991412,0.991412,0.991412,0.991412,0.991412,0.991412,0.991412,0.991412,0.991412,0.991412,0.991412,0.991412,0.991412,0.991412,0.991412,0.991412,0.991412,0.991412,0.991412,0.991412,0.991412,0.991412,0.991412,0.991412,0.991412,0.991412,0.991412,0.991412,0.991412,0.991412,0.991412,0.991412,0.991412,0.991412,0.991412,0.991412,0.991412,0.991412,0.991412,0.991412,0.991412,0.991412,0.991412,0.991412,0.991412,0.991412,0.991412,0.991412,0.991412,0.991412,0.991412,0.991412,0.991412,0.991412,0.991412,0.991412,0.991412,0.991412,0.991412,0.991412,0.991412,0.991412,0.991412,0.991412,0.991412,0.991412,0.991412,0.991412,0.991412,0.991412,0.991412,0.991412,0.991412,0.991412,0.991412,0.991412,0.991412,0.991412,0.991412,0.991412,0.991412,0.991412,0.991412,0.991412,0.991412,0.991412,0.991412,0.991412,0.991412,0.991412
0.991412,0.991412,0.991412,0.991412,0.991412,0.991412,0.991412,0.991412,0.991412,0.991412,0.991412,0.991412,0.991412,0.991412,0.991412,0.991412,0.991412,0.991412,0.991412,0.991412,0.991412,0.991412,0.991412,0.991412,0.991412,0.991412,0.991412,0.991412,0.991412,0.991412,0.991412,0.991412,0.991412,0.991412,0.991412,0.991412,0.991412,0.991412,0.991412,0.991412,0.991412,0.991412,0.991412,0.991412,0.991412,0.991412,0.991412,0.991412,0.991412,0.991412,0.991412,0.991412,0.991412,0.991412,0.991412,0.991412,0.991412,0.991412,0.991412,0.991412,0.991412,0.991412,0.991412,0.991412,0.991412,0.991412,0.991412,0.991412,0.991412,0.991412,0.991412,0.991412,0.991412,0.991412,0.991412,0.991412,0.991412,0.991412,0.991412,0.991412,0.991412,0.991412,0.991412,0.991412,0.991412,0.991412,0.991412,0.991412,0.991412,0.991412,0.991412,0.991412,0.991412,0.991412,0.991412,0.991412,0.991412,0.991412,0.991412,0.991412,0.991412,0.991412,0.991412,0.991412,0.991412,0.991412,0.991412,0.991412,0.991412,0.991412,0.991412,0.991412,0.991412,0.991412,0.991412,0.991412,0.991412,0.991412,0.991412,0.991412,0.991412,0.991412,0.991412,0.991412,0.991412,0.991412,0.991412,0.991412,0.991412,0.991412,0.991412,0.991412,0.991412,0.991412,0.991412,0.991412,0.991412,0.991412,0.991412,0.991412,0.991412,0.991412,0.991412,0.991412
0.991412,0.991412,0.991412,0.991412,0.991412,0.991412,0.991412,0.991412,0.991412,0.991412,0.991412,0.991412,0.991412,0.991412,0.991412,0.991412,0.991412,0.991412,0.991412,0.991412,0.991412,0.991412,0.991412,0.991412,0.991412,0.991412,0.991412,0.991412,0.991412,0.991412,0.991412,0.991412,0.991412,0.991412,0.991412,0.991412,0.991412,0.991412,0.991412,0.991412,0.991412,0.991412,0.991412,0.991412,0.991412,0.991412,0.991412,0.991412,0.991412,0.991412,0.991412,0.991412,0.991412,0.991412,0.991412,0.991412,0.991412,0.991412,0.991412,0.991412,0.991412,0.991412,0.991412,0.991412,0.991412,0.991412,0.991412,0.991412,0.991412,0.991412,0.991412,0.991412,0.991412,0.991412,0.991412,0.991412,0.991412,0.991412,0.991412,0.991412,0.991412,0.991412,0.991412,0.991412,0.991412,0.991412,0.991412,0.991412,0.991412,0.991412,0.991412,0.991412,0.991412,0.991412,0.991412,0.991412,0.991412,0.991412,0.991412,0.991412,0.991412,0.991412,0.991412,0.991412,0.991412,0.991412,0.991412,0.991412,0.991412,0.991412,0.991412,0.991412,0.991412,0.991412,0.991412,0.991412,0.991412,0.991412,0.991412,0.991412,0.991412,0.991412,0.991412,0.991412,0.991412,0.991412,0.991412,0.991412,0.991412,0.991412,0.991412,0.991412,0.991412,0.991412,0.991412,0.991412,0.991412,0.991412,0.991412,0.991412,0.991412,0.991412,0.991412,0.991412
0.991412,0.991412,0.991412,0.991412,0.991412,0.991412,0.991412,0.991412,0.991412,0.991412,0.991412,0.991412,0.991412,0.991412,0.991412,0.991412,0.991412,0.991412,0.991412,0.991412,0.991412,0.991412,0.991412,0.991412,0.991412,0.991412,0.991412,0.991412,0.991412,0.991412,0.991412,0.991412,0.991412,0.991412,0.991412,0.991412,0.991412,0.991412,0.991412,0.991412,0.991412,0.991412,0.991412,0.991412,0.991412,0.991412,0.991412,0.991412,0.991412,0.991412,0.991412,0.991412,0.991412,0.991412,0.991412,0.991412,0.991412,0.991412,0.991412,0.991412,0.991412,0.991412,0.991412,0.991412,0.991412,0.991412,0.991412,0.991412,0.991412,0.991412,0.991412,0.991412,0.991412,0.991412,0.991412,0.991412,0.991412,0.991412,0.991412,0.991412,0.991412,0.991412,0.991412,0.991412,0.991412,0.991412,0.991412,0.991412,0.991412,0.991412,0.991412,0.991412,0.991412,0.991412,0.991412,0.991412,0.991412,0.991412,0.991412,0.991412,0.991412,0.991412,0.991412,0.991412,0.991412,0.991412,0.991412,0.991412,0.991412,0.991412,0.991412,0.991412,0.991412,0.991412,0.991412,0.991412,0.991412,0.991412,0.991412,0.991412,0.991412,0.991412,0.991412,0.991412,0.991412,0.991412,0.991412,0.991412,0.991412,0.991412,0.991412,0.991412,0.991412,0.991412,0.991412,0.991412,0.991412,0.991412,0.991412,0.991412,0.991412,0.991412,0.991412,0.991412
0.991412,0.991412,0.991412,0.991412,0.991412,0.991412,0.991412,0.991412,0.991412,0.991412,0.991412,0.991412,0.991412,0.991412,0.991412,0.991412,0.991412,0.991412,0.991412,0.991412,0.991412,0.991412,0.991412,0.991412,0.991412,0.991412,0.991412,0.991412,0.991412,0.991412,0.991412,0.991412,0.991412,0.991412,0.991412,0.991412,0.991412,0.991412,0.991412,0.991412,0.991412,0.991412,0.991412,0.991412,0.991412,0.991412,0.991412,0.991412,0.991412,0.991412,0.991412,0.991412,0.991412,0.991412,0.991412,0.991412,0.991412,0.991412,0.991412,0.991412,0.991412,0.991412,0.991412,0.991412,0.991412,0.991412,0.991412,0.991412,0.991412,0.991412,0.991412,0.991412,0.991412,0.991412,0.991412,0.991412,0.991412,0.991412,0.991412,0.991412,0.991412,0.991412,0.991412,0.991412,0.991412,0.991412,0.991412,0.991412,0.991412,0.991412,0.991412,0.991412,0.991412,0.991412,0.991412,0.991412,0.991412,0.991412,0.991412,0.991412,0.991412,0.991412,0.991412,0.991412,0.991412,0.991412,0.991412,0.991412,0.991412,0.991412,0.991412,0.991412,0.991412,0.991412,0.991412,0.991412,0.991412,0.991412,0.991412,0.991412,0.991412,0.991412,0.991412,0.991412,0.991412,0.991412,0.991412,0.991412,0.991412,0.991412,0.991412,0.991412,0.991412,0.991412,0.991412,0.991412,0.991412,0.991412,0.991412,0.991412,0.991412,0.991412,0.991412,0.991412
0.991412,0.991412,0.991412,0.991412,0.991412,0.991412,0.991412,0.991412,0.991412,0.991412,0.991412,0.991412,0.991412,0.991412,0.991412,0.991412,0.991412,0.991412,0.991412,0.991412,0.991412,0.991412,0.991412,0.991412,0.991412,0.991412,0.991412,0.991412,0.991412,0.991412,0.991412,0.991412,0.991412,0.991412,0.991412,0.991412,0.991412,0.991412,0.991412,0.991412,0.991412,0.991412,0.991412,0.991412,0.991412,0.991412,0.991412,0.991412,0.991412,0.991412,0.991412,0.991412,0.991412,0.991412,0.991412,0.991412,0.991412,0.991412,0.991412,0.991412,0.991412,0.991412,0.991412,0.991412,0.991412,0.991412,0.991412,0.991412,0.991412,0.991412,0.991412,0.991412,0.991412,0.991412,0.991412,0.991412,0.991412,0.991412,0.991412,0.991412,0.991412,0.991412,0.991412,0.991412,0.991412,0.991412,0.991412,0.991412,0.991412,0.991412,0.991412,0.991412,0.991412,0.991412,0.991412,0.991412,0.991412,0.991412,0.991412,0.991412,0.991412,0.991412,0.991412,0.991412,0.991412,0.991412,0.991412,0.991412,0.991412,0.991412,0.991412,0.991412,0.991412,0.991412,0.991412,0.991412,0.991412,0.991412,0.991412,0.991412,0.991412,0.991412,0.991412,0.991412,0.991412,0.991412,0.991412,0.991412,0.991412,0.991412,0.991412,0.991412,0.991412,0.991412,0.991412,0.991412,0.991412,0.991412,0.991412,0.991412,0.991412,0.991412,0.991412,0.991412
0.991412,0.991412,0.991412,0.991412,0.991412,0.991412,0.991412,0.991412,0.991412,0.991412,0.991412,0.991412,0.991412,0.991412,0.991412,0.991412,0.991412,0.991412,0.991412,0.991412,0.991412,0.991412,0.991412,0.991412,0.991412,0.991412,0.991412,0.991412,0.991412,0.991412,0.991412,0.991412,0.991412,0.991412,0.991412,0.991412,0.991412,0.991412,0.991412,0.991412,0.991412,0.991412,0.991412,0.991412,0.991412,0.991412,0.991412,0.991412,0.991412,0.991412,0.991412,0.991412,0.991412,0.991412,0.991412,0.991412,0.991412,0.991412,0.991412,0.991412,0.991412,0.991412,0.991412,0.991412,0.991412,0.991412,0.991412,0.991412,0.991412,0.991412,0.991412,0.991412,0.991412,0.991412,0.991412,0.991412,0.991412,0.991412,0.991412,0.991412,0.991412,0.991412,0.991412,0.991412,0.991412,0.991412,0.991412,0.991412,0.991412,0.991412,0.991412,0.991412,0.991412,0.991412,0.991412,0.991412,0.991412,0.991412,0.991412,0.991412,0.991412,0.991412,0.991412,0.991412,0.991412,0.991412,0.991412,0.991412,0.991412,0.991412,0.991412,0.991412,0.991412,0.991412,0.991412,0.991412,0.991412,0.991412,0.991412,0.991412,0.991412,0.991412,0.991412,0.991412,0.991412,0.991412,0.991412,0.991412,0.991412,0.991412,0.991412,0.991412,0.991412,0.991412,0.991412,0.991412,0.991412,0.991412,0.991412,0.991412,0.991412,0.991412,0.991412,0.991412
0.991412,0.991412,0.991412,0.991412,0.991412,0.991412,0.991412,0.991412,0.991412,0.991412,0.991412,0.991412,0.991412,0.991412,0.991412,0.991412,0.991412,0.991412,0.991412,0.991412,0.991412,0.991412,0.991412,0.991412,0.991412,0.991412,0.991412,0.991412,0.991412,0.991412,0.991412,0.991412,0.991412,0.991412,0.991412,0.991412,0.991412,0.991412,0.991412,0.991412,0.991412,0.991412,0.991412,0.991412,0.991412,0.991412,0.991412,0.991412,0.991412,0.991412,0.991412,0.991412,0.991412,0.991412,0.991412,0.991412,0.991412,0.991412,0.991412,0.991412,0.991412,0.991412,0.991412,0.991412,0.991412,0.991412,0.991412,0.991412,0.991412,0.991412,0.991412,0.991412,0.991412,0.991412,0.991412,0.991412,0.991412,0.991412,0.991412,0.991412,0.991412,0.991412,0.991412,0.991412,0.991412,0.991412,0.991412,0.991412,0.991412,0.991412,0.991412,0.991412,0.991412,0.991412,0.991412,0.991412,0.991412,0.991412,0.991412,0.991412,0.991412,0.991412,0.991412,0.991412,0.991412,0.991412,0.991412,0.991412,0.991412,0.991412,0.991412,0.991412,0.991412,0.991412,0.991412,0.991412,0.991412,0.991412,0.991412,0.991412,0.991412,0.991412,0.991412,0.991412,0.991412,0.991412,0.991412,0.991412,0.991412,0.991412,0.991412,0.991412,0.991412,0.991412,0.991412,0.991412,0.991412,0.991412,0.991412,0.991412,0.991412,0.991412,0.991412,0.991412
0.991412,0.991412,0.991412,0.991412,0.991412,0.991412,0.991412,0.991412,0.991412,0.991412,0.991412,0.991412,0.991412,0.991412,0.991412,0.991412,0.991412,0.991412,0.991412,0.991412,0.991412,0.991412,0.991412,0.991412,0.991412,0.991412,0.991412,0.991412,0.991412,0.991412,0.991412,0.991412,0.991412,0.991412,0.991412,0.991412,0.991412,0.991412,0.991412,0.991412,0.991412,0.991412,0.991412,0.991412,0.991412,0.991412,0.991412,0.991412,0.991412,0.991412,0.991412,0.991412,0.991412,0.991412,0.991412,0.991412,0.991412,0.991412,0.991412,0.991412,0.991412,0.991412,0.991412,0.991412,0.991412,0.991412,0.991412,0.991412,0.991412,0.991412,0.991412,0.991412,0.991412,0.991412,0.991412,0.991412,0.991412,0.991412,0.991412,0.991412,0.991412,0.991412,0.991412,0.991412,0.991412,0.991412,0.991412,0.991412,0.991412,0.991412,0.991412,0.991412,0.991412,0.991412,0.991412,0.991412,0.991412,0.991412,0.991412,0.991412,0.991412,0.991412,0.991412,0.991412,0.991412,0.991412,0.991412,0.991412,0.991412,0.991412,0.991412,0.991412,0.991412,0.991412,0.991412,0.991412,0.991412,0.991412,0.991412,0.991412,0.991412,0.991412,0.991412,0.991412,0.991412,0.991412,0.991412,0.991412,0.991412,0.991412,0.991412,0.991412,0.991412,0.991412,0.991412,0.991412,0.991412,0.991412,0.991412,0.991412,0.991412,0.991412,0.991412,0.991412
0.991412,0.991412,0.991412,0.991412,0.991412,0.991412,0.991412,0.991412,0.991412,0.991412,0.991412,0.991412,0.991412,0.991412,0.991412,0.991412,0.991412,0.991412,0.991412,0.991412,0.991412,0.991412,0.991412,0.991412,0.991412,0.991412,0.991412,0.991412,0.991412,0.991412,0.991412,0.991412,0.991412,0.991412,0.991412,0.991412,0.991412,0.991412,0.991412,0.991412,0.991412,0.991412,0.991412,0.991412,0.991412,0.991412,0.991412,0.991412,0.991412,0.991412,0.991412,0.991412,0.991412,0.991412,0.991412,0.991412,0.991412,0.991412,0.991412,0.991412,0.991412,0.991412,0.991412,0.991412,0.991412,0.991412,0.991412,0.991412,0.991412,0.991412,0.991412,0.991412,0.991412,0.991412,0.991412,0.991412,0.991412,0.991412,0.991412,0.991412,0.991412,0.991412,0.991412,0.991412,0.991412,0.991412,0.991412,0.991412,0.991412,0.991412,0.991412,0.991412,0.991412,0.991412,0.991412,0.991412,0.991412,0.991412,0.991412,0.991412,0.991412,0.991412,0.991412,0.991412,0.991412,0.991412,0.991412,0.991412,0.991412,0.991412,0.991412,0.991412,0.991412,0.991412,0.991412,0.991412,0.991412,0.991412,0.991412,0.991412,0.991412,0.991412,0.991412,0.991412,0.991412,0.991412,0.991412,0.991412,0.991412,0.991412,0.991412,0.991412,0.991412,0.991412,0.991412,0.991412,0.991412,0.991412,0.991412,0.991412,0.991412,0.991412,0.991412,0.991412
0.991412,0.991412,0.991412,0.991412,0.991412,0.991412,0.991412,0.991412,0.991412,0.991412,0.991412,0.991412,0.991412,0.991412,0.991412,0.991412,0.991412,0.991412,0.991412,0.991412,0.991412,0.991412,0.991412,0.991412,0.991412,0.991412,0.991412,0.991412,0.991412,0.991412,0.991412,0.991412,0.991412,0.991412,0.991412,0.991412,0.991412,0.991412,0.991412,0.991412,0.991412,0.991412,0.991412,0.991412,0.991412,0.991412,0.991412,0.991412,0.991412,0.991412,0.991412,0.991412,0.991412,0.991412,0.991412,0.991412,0.991412,0.991412,0.991412,0.991412,0.991412,0.991412,0.991412,0.991412,0.991412,0.991412,0.991412,0.991412,0.991412,0.991412,0.991412,0.991412,0.991412,0.991412,0.991412,0.991412,0.991412,0.991412,0.991412,0.991412,0.991412,0.991412,0.991412,0.991412,0.991412,0.991412,0.991412,0.991412,0.991412,0.991412,0.991412,0.991412,0.991412,0.991412,0.991412,0.991412,0.991412,0.991412,0.991412,0.991412,0.991412,0.991412,0.991412,0.991412,0.991412,0.991412,0.991412,0.991412,0.991412,0.991412,0.991412,0.991412,0.991412,0.991412,0.991412,0.991412,0.991412,0.991412,0.991412,0.991412,0.991412,0.991412,0.991412,0.991412,0.991412,0.991412,0.991412,0.991412,0.991412,0.991412,0.991412,0.991412,0.991412,0.991412,0.991412,0.991412,0.991412,0.991412,0.991412,0.991412,0.991412,0.991412,0.991412,0.991412
0.991412,0.991412,0.991412,0.991412,0.991412,0.991412,0.991412,0.991412,0.991412,0.991412,0.991412,0.991412,0.991412,0.991412,0.991412,0.991412,0.991412,0.991412,0.991412,0.991412,0.991412,0.991412,0.991412,0.991412,0.991412,0.991412,0.991412,0.991412,0.991412,0.991412,0.991412,0.991412,0.991412,0.991412,0.991412,0.991412,0.991412,0.991412,0.991412,0.991412,0.991412,0.991412,0.991412,0.991412,0.991412,0.991412,0.991412,0.991412,0.991412,0.991412,0.991412,0.991412,0.991412,0.991412,0.991412,0.991412,0.991412,0.991412,0.991412,0.991412,0.991412,0.991412,0.991412,0.991412,0.991412,0.991412,0.991489,0.992460,0.993289,0.993289,0.993289,0.993289,0.993289,0.992460,0.991489,0.991412,0.991412,0.991412,0.991412,0.991412,0.991412,0.991412,0.991412,0.991412,0.991412,0.991412,0.991412,0.991412,0.991412,0.991412,0.991412,0.991412,0.991412,0.991412,0.991412,0.991412,0.991412,0.991412,0.991412,0.991412,0.991412,0.991412,0.991412,0.991412,0.991412,0.991412,0.991412,0.991412,0.991412,0.991412,0.991412,0.991412,0.991412,0.991412,0.991412,0.991412,0.991412,0.991412,0.991412,0.991412,0.991412,0.991412,0.991412,0.991412,0.991412,0.991412,0.991412,0.991412,0.991412,0.991412,0.991412,0.991412,0.991412,0.991412,0.991412,0.991412,0.991412,0.991412,0.991412,0.991412,0.991412,0.991412,0.991412,0.991412
0.991412,0.991412,0.991412,0.991412,0.991412,0.991412,0.991412,0.991412,0.991412,0.991412,0.991412,0.991412,0.991412,0.991412,0.991412,0.991412,0.991412,0.991412,0.991412,0.991412,0.991412,0.991412,0.991412,0.991412,0.991412,0.991412,0.991412,0.991412,0.991412,0.991412,0.991412,0.991412,0.991412,0.991412,0.991412,0.991412,0.991412,0.991412,0.991412,0.991412,0.991412,0.991412,0.991412,0.991412,0.991412,0.991412,0.991412,0.991412,0.991412,0.991412,0.991412,0.991412,0.991412,0.991412,0.991412,0.991412,0.991412,0.991412,0.991412,0.991412,0.991412,0.991412,0.991412,0.991412,0.991212,0.989885,0.991288,0.991963,0.992397,0.992120,0.991897,0.991583,0.991358,0.990275,0.989108,0.986048,0.987253,0.987874,0.988497,0.991412,0.991412,0.991412,0.991412,0.991412,0.991412,0.991412,0.991412,0.991412,0.991412,0.991412,0.991412,0.991412,0.991412,0.991412,0.991412,0.991412,0.991412,0.991412,0.991412,0.991412,0.991412,0.991412,0.991412,0.991412,0.991412,0.991412,0.991412,0.991412,0.991412,0.991412,0.991412,0.991412,0.991412,0.991412,0.991412,0.991412,0.991412,0.991412,0.991412,0.991412,0.991412,0.991412,0.991412,0.991412,0.991412,0.991412,0.991412,0.991412,0.991412,0.991412,0.991412,0.991412,0.991412,0.991412,0.991412,0.991412,0.991412,0.991412,0.991412,0.991412,0.991412,0.991412,0.991412,0.991412
0.991412,0.991412,0.991412,0.991412,0.991412,0.991412,0.991412,0.991412,0.991412,0.991412,0.991412,0.991412,0.991412,0.991412,0.991412,0.991412,0.991412,0.991412,0.991412,0.991412,0.991412,0.991412,0.991412,0.991412,0.991412,0.991412,0.991412,0.991412,0.991412,0.991412,0.991412,0.991412,0.991412,0.991412,0.991412,0.991412,0.991412,0.991412,0.991412,0.991412,0.991412,0.991412,0.991412,0.991412,0.991412,0.991412,0.991412,0.991412,0.991412,0.991412,0.991412,0.991412,0.991412,0.991412,0.991412,0.991412,0.991412,0.991412,0.991412,0.991412,0.991412,0.991412,0.991412,0.990989,0.991133,0.990471,0.991566,0.991671,0.991818,0.991270,0.990735,0.989914,0.989517,0.988255,0.987554,0.986176,0.987678,0.988220,0.989599,0.990993,0.990993,0.990922,0.991412,0.991412,0.991412,0.991412,0.991412,0.991412,0.991412,0.991412,0.991412,0.991412,0.991412,0.991412,0.991412,0.991412,0.991412,0.991412,0.991412,0.991412,0.991412,0.991412,0.991412,0.991412,0.991412,0.991412,0.991412,0.991412,0.991412,0.991412,0.991412,0.991412,0.991412,0.991412,0.991412,0.991412,0.991412,0.991412,0.991412,0.991412,0.991412,0.991412,0.991412,0.991412,0.991412,0.991412,0.991412,0.991412,0.991412,0.991412,0.991412,0.991412,0.991412,0.991412,0.991412,0.991412,0.991412,0.991412,0.991412,0.991412,0.991412,0.991412,0.991412,0.991412
0.991412,0.991412,0.991412,0.991412,0.991412,0.991412,0.991412,0.991412,0.991412,0.991412,0.991412,0.991412,0.991412,0.991412,0.991412,0.991412,0.991412,0.991412,0.991412,0.991412,0.991412,0.991412,0.991412,0.991412,0.991412,0.991412,0.991412,0.991412,0.991412,0.991412,0.991412,0.991412,0.991412,0.991412,0.991412,0.991412,0.991412,0.991412,0.991412,0.991412,0.991412,0.991412,0.991412,0.991412,0.991412,0.991412,0.991412,0.991412,0.991412,0.991412,0.991412,0.991412,0.991412,0.991412,0.991412,0.991412,0.991412,0.991412,0.991412,0.991412,0.991412,0.339756,0.639072,0.743273,0.768471,0.773949,0.931153,0.957368,0.992244,0.991169,0.990489,0.989213,0.988475,0.987004,0.986382,0.985817,0.987886,0.988090,0.989460,0.990910,0.991014,0.990793,0.989796,0.991412,0.991412,0.991412,0.991412,0.991412,0.991412,0.991412,0.991412,0.991412,0.991412,0.991412,0.991412,0.991412,0.991412,0.991412,0.991412,0.991412,0.991412,0.991412,0.991412,0.991412,0.991412,0.991412,0.991412,0.991412,0.991412,0.991412,0.991412,0.991412,0.991412,0.991412,0.991412,0.991412,0.991412,0.991412,0.991412,0.991412,0.991412,0.991412,0.991412,0.991412,0.991412,0.991412,0.991412,0.991412,0.991412,0.991412,0.991412,0.991412,0.991412,0.991412,0.991412,0.991412,0.991412,0.991412,0.991412,0.991412,0.991412,0.991412,0.991412,0.991412
0.991412,0.991412,0.991412,0.991412,0.991412,0.991412,0.991412,0.991412,0.991412,0.991412,0.991412,0.991412,0.991412,0.991412,0.991412,0.991412,0.991412,0.991412,0.991412,0.991412,0.991412,0.991412,0.991412,0.991412,0.991412,0.991412,0.991412,0.991412,0.991412,0.991412,0.991412,0.991412,0.991412,0.991412,0.991412,0.991412,0.991412,0.991412,0.991412,0.991412,0.991412,0.991412,0.991412,0.991412,0.991412,0.991412,0.991412,0.991412,0.991412,0.991412,0.991412,0.991412,0.991412,0.991412,0.991412,0.991412,0.991412,0.991412,0.991412,0.991412,0.305806,0.511608,0.678460,0.732394,0.743124,0.742830,0.883744,0.960547,0.992725,0.991282,0.990062,0.988302,0.987254,0.985537,0.985030,0.984977,0.987605,0.988772,0.990251,0.991457,0.991634,0.991368,0.990418,0.990241,0.991412,0.991412,0.991412,0.991412,0.991412,0.991412,0.991412,0.991412,0.991412,0.991412,0.991412,0.991412,0.991412,0.991412,0.991412,0.991412,0.991412,0.991412,0.991412,0.991412,0.991412,0.991412,0.991412,0.991412,0.991412,0.991412,0.991412,0.991412,0.991412,0.991412,0.991412,0.991412,0.991412,0.991412,0.991412,0.991412,0.991412,0.991412,0.991412,0.991412,0.991412,0.991412,0.991412,0.991412,0.991412,0.991412,0.991412,0.991412,0.991412,0.991412,0.991412,0.991412,0.991412,0.991412,0.991412,0.991412,0.991412,0.991412,0.991412,0.991412
0.991412,0.991412,0.991412,0.991412,0.991412,0.991412,0.991412,0.991412,0.991412,0.991412,0.991412,0.991412,0.991412,0.991412,0.991412,0.991412,0.991412,0.991412,0.991412,0.991412,0.991412,0.991412,0.991412,0.991412,0.991412,0.991412,0.991412,0.991412,0.991412,0.991412,0.991412,0.991412,0.991412,0.991412,0.991412,0.991412,0.991412,0.991412,0.991412,0.991412,0.991412,0.991412,0.991412,0.991412,0.991412,0.991412,0.991412,0.991412,0.991412,0.991412,0.991412,0.991412,0.991412,0.991412,0.991412,0.991412,0.991412,0.991412,0.989833,0.772042,0.629399,0.637742,0.712354,0.736295,0.734477,0.670911,0.883886,0.960944,0.993183,0.991682,0.990411,0.988452,0.987243,0.985498,0.985133,0.985298,0.987750,0.988908,0.990741,0.991941,0.992105,0.991833,0.990952,0.990759,0.990519,0.989949,0.991412,0.991412,0.991412,0.991412,0.991412,0.991412,0.991412,0.991412,0.991412,0.991412,0.991412,0.991412,0.991412,0.991412,0.991412,0.991412,0.991412,0.991412,0.991412,0.991412,0.991412,0.991412,0.991412,0.991412,0.991412,0.991412,0.991412,0.991412,0.991412,0.991412,0.991412,0.991412,0.991412,0.991412,0.991412,0.991412,0.991412,0.991412,0.991412,0.991412,0.991412,0.991412,0.991412,0.991412,0.991412,0.991412,0.991412,0.991412,0.991412,0.991412,0.991412,0.991412,0.991412,0.991412,0.991412,0.991412,0.991412,0.991412
0.991412,0.991412,0.991412,0.991412,0.991412,0.991412,0.991412,0.991412,0.991412,0.991412,0.991412,0.991412,0.991412,0.991412,0.991412,0.991412,0.991412,0.991412,0.991412,0.991412,0.991412,0.991412,0.991412,0.991412,0.991412,0.991412,0.991412,0.991412,0.991412,0.991412,0.991412,0.991412,0.991412,0.991412,0.991412,0.991412,0.991412,0.991412,0.991412,0.991412,0.991412,0.991412,0.991412,0.991412,0.991412,0.991412,0.991412,0.991412,0.991412,0.991412,0.991412,0.991412,0.991412,0.991412,0.991412,0.991412,0.991412,0.990553,0.990687,0.851103,0.745777,0.720019,0.757944,0.762676,0.746626,0.660169,0.879736,0.960460,0.993638,0.992211,0.991024,0.989113,0.987860,0.986121,0.985783,0.985869,0.987976,0.988760,0.990136,0.991117,0.991584,0.991088,0.990484,0.990080,0.989693,0.989613,0.989518,0.989060,0.989272,0.991412,0.991412,0.991412,0.991412,0.991412,0.991412,0.991412,0.991412,0.991412,0.991412,0.991412,0.991412,0.991412,0.991412,0.991412,0.991412,0.991412,0.991412,0.991412,0.991412,0.991412,0.991412,0.991412,0.991412,0.991412,0.991412,0.991412,0.991412,0.991412,0.991412,0.991412,0.991412,0.991412,0.991412,0.991412,0.991412,0.991412,0.991412,0.991412,0.991412,0.991412,0.991412,0.991412,0.991412,0.991412,0.991412,0.991412,0.991412,0.991412,0.991412,0.991412,0.991412,0.991412,0.991412,0.991412
0.991412,0.991412,0.991412,0.991412,0.991412,0.991412,0.991412,0.991412,0.991412,0.991412,0.991412,0.991412,0.991412,0.991412,0.991412,0.991412,0.991412,0.991412,0.991412,0.991412,0.991412,0.991412,0.991412,0.991412,0.991412,0.991412,0.991412,0.991412,0.991412,0.991412,0.991412,0.991412,0.991412,0.991412,0.991412,0.991412,0.991412,0.991412,0.991412,0.991412,0.991412,0.991412,0.991412,0.991412,0.991412,0.991412,0.991412,0.991412,0.991412,0.991412,0.991412,0.991412,0.991412,0.991412,0.991412,0.990998,0.523314,0.789914,0.918908,0.819430,0.738965,0.711402,0.727152,0.750862,0.719473,0.619346,0.738815,0.895515,0.990015,0.988005,0.986136,0.983339,0.981227,0.981107,0.983093,0.986486,0.988198,0.988557,0.989551,0.989895,0.989707,0.989331,0.989361,0.988299,0.988051,0.988204,0.988558,0.988807,0.988838,0.987070,0.991412,0.991412,0.991412,0.991412,0.991412,0.991412,0.991412,0.991412,0.991412,0.991412,0.991412,0.991412,0.991412,0.991412,0.991412,0.991412,0.991412,0.991412,0.991412,0.991412,0.991412,0.991412,0.991412,0.991412,0.991412,0.991412,0.991412,0.991412,0.991412,0.991412,0.991412,0.991412,0.991412,0.991412,0.991412,0.991412,0.991412,0.991412,0.991412,0.991412,0.991412,0.991412,0.991412,0.991412,0.991412,0.991412,0.991412,0.991412,0.991412,0.991412,0.991412,0.991412,0.991412,0.991412
0.991412,0.991412,0.991412,0.991412,0.991412,0.991412,0.991412,0.991412,0.991412,0.991412,0.991412,0.991412,0.991412,0.991412,0.991412,0.991412,0.991412,0.991412,0.991412,0.991412,0.991412,0.991412,0.991412,0.991412,0.991412,0.991412,0.991412,0.991412,0.991412,0.991412,0.991412,0.991412,0.991412,0.991412,0.991412,0.991412,0.991412,0.991412,0.991412,0.991412,0.991412,0.991412,0.991412,0.991412,0.991412,0.991412,0.991412,0.991412,0.991412,0.991412,0.991412,0.991412,0.991412,0.989949,0.989896,0.990167,0.852845,0.893125,0.936975,0.853580,0.774444,0.720344,0.710586,0.713486,0.666874,0.525661,0.647940,0.864748,0.991060,0.989866,0.988638,0.986874,0.985522,0.985223,0.986196,0.988155,0.989048,0.988921,0.989517,0.989316,0.988874,0.988181,0.988198,0.986663,0.986873,0.987252,0.987793,0.988182,0.988504,0.986515,0.988479,0.991412,0.991412,0.991412,0.991412,0.991412,0.991412,0.991412,0.991412,0.991412,0.991412,0.991412,0.991412,0.991412,0.991412,0.991412,0.991412,0.991412,0.991412,0.991412,0.991412,0.991412,0.991412,0.991412,0.991412,0.991412,0.991412,0.991412,0.991412,0.991412,0.991412,0.991412,0.991412,0.991412,0.991412,0.991412,0.991412,0.991412,0.991412,0.991412,0.991412,0.991412,0.991412,0.991412,0.991412,0.991412,0.991412,0.991412,0.991412,0.991412,0.991412,0.991412,0.991412,0.991412
0.991412,0.991412,0.991412,0.991412,0.991412,0.991412,0.991412,0.991412,0.991412,0.991412,0.991412,0.991412,0.991412,0.991412,0.991412,0.991412,0.991412,0.991412,0.991412,0.991412,0.991412,0.991412,0.991412,0.991412,0.991412,0.991412,0.991412,0.991412,0.991412,0.991412,0.991412,0.991412,0.991412,0.991412,0.991412,0.991412,0.991412,0.991412,0.991412,0.991412,0.991412,0.991412,0.991412,0.991412,0.991412,0.991412,0.991412,0.991412,0.991412,0.991412,0.991412,0.991412,0.990233,0.989623,0.990370,0.990817,0.890415,0.912846,0.941344,0.856567,0.767524,0.694923,0.655944,0.640441,0.574582,0.379752,0.526330,0.790360,0.992060,0.991571,0.990738,0.989624,0.988677,0.988371,0.988409,0.988820,0.988934,0.988850,0.989316,0.989027,0.988551,0.987971,0.988876,0.987817,0.988216,0.989070,0.989552,0.989956,0.990152,0.988569,0.989736,0.989914,0.991412,0.991412,0.991412,0.991412,0.991412,0.991412,0.991412,0.991412,0.991412,0.991412,0.991412,0.991412,0.991412,0.991412,0.991412,0.991412,0.991412,0.991412,0.991412,0.991412,0.991412,0.991412,0.991412,0.991412,0.991412,0.991412,0.991412,0.991412,0.991412,0.991412,0.991412,0.991412,0.991412,0.991412,0.991412,0.991412,0.991412,0.991412,0.991412,0.991412,0.991412,0.991412,0.991412,0.991412,0.991412,0.991412,0.991412,0.991412,0.991412,0.991412,0.991412,0.991412
0.991412,0.991412,0.991412,0.991412,0.991412,0.991412,0.991412,0.991412,0.991412,0.991412,0.991412,0.991412,0.991412,0.991412,0.991412,0.991412,0.991412,0.991412,0.991412,0.991412,0.991412,0.991412,0.991412,0.991412,0.991412,0.991412,0.991412,0.991412,0.991412,0.991412,0.991412,0.991412,0.991412,0.991412,0.991412,0.991412,0.991412,0.991412,0.991412,0.991412,0.991412,0.991412,0.991412,0.991412,0.991412,0.991412,0.991412,0.991412,0.991412,0.991412,0.991412,0.990096,0.990379,0.990385,0.991108,0.991591,0.902473,0.917565,0.939762,0.846005,0.740396,0.721015,0.652005,0.640177,0.577212,0.351334,0.611972,0.993260,0.992052,0.991722,0.991422,0.990677,0.990321,0.990062,0.989931,0.990098,0.990120,0.989860,0.990037,0.989437,0.988998,0.988675,0.989704,0.989339,0.989887,0.990814,0.991103,0.991366,0.991409,0.990090,0.990658,0.990185,0.991062,0.991412,0.991412,0.991412,0.991412,0.991412,0.991412,0.991412,0.991412,0.991412,0.991412,0.991412,0.991412,0.991412,0.991412,0.991412,0.991412,0.991412,0.991412,0.991412,0.991412,0.991412,0.991412,0.991412,0.991412,0.991412,0.991412,0.991412,0.991412,0.991412,0.991412,0.991412,0.991412,0.991412,0.991412,0.991412,0.991412,0.991412,0.991412,0.991412,0.991412,0.991412,0.991412,0.991412,0.991412,0.991412,0.991412,0.991412,0.991412,0.991412,0.991412,0.991412
0.991412,0.991412,0.991412,0.991412,0.991412,0.991412,0.991412,0.991412,0.991412,0.991412,0.991412,0.991412,0.991412,0.991412,0.991412,0.991412,0.991412,0.991412,0.991412,0.991412,0.991412,0.991412,0.991412,0.991412,0.991412,0.991412,0.991412,0.991412,0.991412,0.991412,0.991412,0.991412,0.991412,0.991412,0.991412,0.991412,0.991412,0.991412,0.991412,0.991412,0.991412,0.991412,0.991412,0.991412,0.991412,0.991412,0.991412,0.991412,0.991412,0.991412,0.990789,0.989938,0.990666,0.990950,0.991692,0.992294,0.905948,0.914863,0.933818,0.821577,0.801217,0.762168,0.657261,0.686089,0.643648,0.322990,0.993011,0.993005,0.992512,0.992403,0.992478,0.991919,0.991637,0.991473,0.991429,0.990571,0.990421,0.989601,0.990040,0.989610,0.989369,0.989094,0.990247,0.990293,0.991162,0.991980,0.992252,0.992495,0.992519,0.991398,0.991616,0.990775,0.989500,0.990189,0.991412,0.991412,0.991412,0.991412,0.991412,0.991412,0.991412,0.991412,0.991412,0.991412,0.991412,0.991412,0.991412,0.991412,0.991412,0.991412,0.991412,0.991412,0.991412,0.991412,0.991412,0.991412,0.991412,0.991412,0.991412,0.991412,0.991412,0.991412,0.991412,0.991412,0.991412,0.991412,0.991412,0.991412,0.991412,0.991412,0.991412,0.991412,0.991412,0.991412,0.991412,0.991412,0.991412,0.991412,0.991412,0.991412,0.991412,0.991412,0.991412,0.991412
0.991412,0.991412,0.991412,0.991412,0.991412,0.991412,0.991412,0.991412,0.991412,0.991412,0.991412,0.991412,0.991412,0.991412,0.991412,0.991412,0.991412,0.991412,0.991412,0.991412,0.991412,0.991412,0.991412,0.991412,0.991412,0.991412,0.991412,0.991412,0.991412,0.991412,0.991412,0.991412,0.991412,0.991412,0.991412,0.991412,0.991412,0.991412,0.991412,0.991412,0.991412,0.991412,0.991412,0.991412,0.991412,0.991412,0.991412,0.991412,0.991412,0.991034,0.990865,0.990742,0.991314,0.991763,0.992450,0.993088,0.902571,0.904165,0.906049,0.893484,0.876314,0.841804,0.705362,0.994393,0.994951,0.995056,0.994038,0.994149,0.993740,0.993935,0.993855,0.993467,0.993137,0.993057,0.992542,0.991479,0.991603,0.990820,0.990657,0.990268,0.990025,0.989812,0.990917,0.991037,0.991886,0.992683,0.992987,0.993224,0.993443,0.992563,0.992618,0.991645,0.990548,0.990616,0.991241,0.991452,0.991412,0.991412,0.991412,0.991412,0.991412,0.991412,0.991412,0.991412,0.991412,0.991412,0.991412,0.991412,0.991412,0.991412,0.991412,0.991412,0.991412,0.991412,0.991412,0.991412,0.991412,0.991412,0.991412,0.991412,0.991412,0.991412,0.991412,0.991412,0.991412,0.991412,0.991412,0.991412,0.991412,0.991412,0.991412,0.991412,0.991412,0.991412,0.991412,0.991412,0.991412,0.991412,0.991412,0.991412,0.991412,0.991412,0.991412,0.991412
0.991412,0.991412,0.991412,0.991412,0.991412,0.991412,0.991412,0.991412,0.991412,0.991412,0.991412,0.991412,0.991412,0.991412,0.991412,0.991412,0.991412,0.991412,0.991412,0.991412,0.991412,0.991412,0.991412,0.991412,0.991412,0.991412,0.991412,0.991412,0.991412,0.991412,0.991412,0.991412,0.991412,0.991412,0.991412,0.991412,0.991412,0.991412,0.991412,0.991412,0.991412,0.991412,0.991412,0.991412,0.991412,0.991412,0.991412,0.991412,0.990516,0.990857,0.991153,0.991497,0.992184,0.992734,0.993432,0.993826,0.889836,0.879667,0.860059,0.834795,0.806058,0.749205,0.446295,0.992981,0.993802,0.994124,0.993196,0.993676,0.993313,0.993369,0.993401,0.992871,0.992917,0.993102,0.992685,0.991927,0.992277,0.991739,0.991791,0.991586,0.991312,0.991169,0.991703,0.991763,0.992433,0.993076,0.993316,0.993634,0.993872,0.993553,0.992891,0.991900,0.990484,0.989902,0.989150,0.987645,0.982663,0.991412,0.991412,0.991412,0.991412,0.991412,0.991412,0.991412,0.991412,0.991412,0.991412,0.991412,0.991412,0.991412,0.991412,0.991412,0.991412,0.991412,0.991412,0.991412,0.991412,0.991412,0.991412,0.991412,0.991412,0.991412,0.991412,0.991412,0.991412,0.991412,0.991412,0.991412,0.991412,0.991412,0.991412,0.991412,0.991412,0.991412,0.991412,0.991412,0.991412,0.991412,0.991412,0.991412,0.991412,0.991412,0.991412,0.991412
0.991412,0.991412,0.991412,0.991412,0.991412,0.991412,0.991412,0.991412,0.991412,0.991412,0.991412,0.991412,0.991412,0.991412,0.991412,0.991412,0.991412,0.991412,0.991412,0.991412,0.991412,0.991412,0.991412,0.991412,0.991412,0.991412,0.991412,0.991412,0.991412,0.991412,0.991412,0.991412,0.991412,0.991412,0.991412,0.991412,0.991412,0.991412,0.991412,0.991412,0.991412,0.991412,0.991412,0.991412,0.991412,0.991412,0.991412,0.990989,0.990933,0.991345,0.991790,0.992304,0.993071,0.993551,0.994077,0.994413,0.994406,0.994235,0.993732,0.993030,0.993326,0.992654,0.992303,0.992458,0.993412,0.993629,0.993983,0.994522,0.993758,0.993782,0.993402,0.992478,0.992938,0.992637,0.992601,0.991866,0.992379,0.992604,0.992556,0.992573,0.992710,0.992306,0.992524,0.992723,0.992984,0.993564,0.993765,0.994121,0.994589,0.994665,0.913462,0.907785,0.883809,0.864045,0.830955,0.752024,0.444327,0.991319,0.991412,0.991412,0.991412,0.991412,0.991412,0.991412,0.991412,0.991412,0.991412,0.991412,0.991412,0.991412,0.991412,0.991412,0.991412,0.991412,0.991412,0.991412,0.991412,0.991412,0.991412,0.991412,0.991412,0.991412,0.991412,0.991412,0.991412,0.991412,0.991412,0.991412,0.991412,0.991412,0.991412,0.991412,0.991412,0.991412,0.991412,0.991412,0.991412,0.991412,0.991412,0.991412,0.991412,0.991412,0.991412,0.991412
0.991412,0.991412,0.991412,0.991412,0.991412,0.991412,0.991412,0.991412,0.991412,0.991412,0.991412,0.991412,0.991412,0.991412,0.991412,0.991412,0.991412,0.991412,0.991412,0.991412,0.991412,0.991412,0.991412,0.991412,0.991412,0.991412,0.991412,0.991412,0.991412,0.991412,0.991412,0.991412,0.991412,0.991412,0.991412,0.991412,0.991412,0.991412,0.991412,0.991412,0.991412,0.991412,0.991412,0.991412,0.991412,0.991412,0.989294,0.990165,0.990885,0.991619,0.992235,0.992812,0.993625,0.994061,0.994374,0.994498,0.994157,0.993719,0.993219,0.993356,0.993840,0.993178,0.993189,0.993668,0.994155,0.994329,0.994311,0.994626,0.994551,0.994385,0.993881,0.993174,0.993238,0.993060,0.992964,0.992055,0.992314,0.992916,0.993081,0.993189,0.993253,0.992739,0.992872,0.992891,0.992918,0.993511,0.994083,0.995045,0.995407,0.995468,0.907278,0.854510,0.838702,0.825156,0.798225,0.731614,0.538021,0.472687,0.991275,0.991412,0.991412,0.991412,0.991412,0.991412,0.991412,0.991412,0.991412,0.991412,0.991412,0.991412,0.991412,0.991412,0.991412,0.991412,0.991412,0.991412,0.991412,0.991412,0.991412,0.991412,0.991412,0.991412,0.991412,0.991412,0.991412,0.991412,0.991412,0.991412,0.991412,0.991412,0.991412,0.991412,0.991412,0.991412,0.991412,0.991412,0.991412,0.991412,0.991412,0.991412,0.991412,0.991412,0.991412,0.991412
0.991412,0.991412,0.991412,0.991412,0.991412,0.991412,0.991412,0.991412,0.991412,0.991412,0.991412,0.991412,0.991412,0.991412,0.991412,0.991412,0.991412,0.991412,0.991412,0.991412,0.991412,0.991412,0.991412,0.991412,0.991412,0.991412,0.991412,0.991412,0.991412,0.991412,0.991412,0.991412,0.991412,0.991412,0.991412,0.991412,0.991412,0.991412,0.991412,0.991412,0.991412,0.991412,0.991412,0.991412,0.991412,0.991012,0.990220,0.990880,0.991592,0.992368,0.993078,0.993584,0.994102,0.994505,0.994636,0.994643,0.994007,0.993635,0.993696,0.993045,0.992792,0.991557,0.991568,0.991672,0.992137,0.992408,0.993001,0.993971,0.994632,0.994373,0.993924,0.993685,0.993684,0.993687,0.993550,0.992703,0.992651,0.993354,0.993265,0.993171,0.993411,0.992442,0.992235,0.992244,0.991968,0.992801,0.992972,0.994329,0.995217,0.995625,0.888998,0.849889,0.795667,0.795674,0.783216,0.741824,0.628740,0.578830,0.510100,0.990735,0.991412,0.991412,0.991412,0.991412,0.991412,0.991412,0.991412,0.991412,0.991412,0.991412,0.991412,0.991412,0.991412,0.991412,0.991412,0.991412,0.991412,0.991412,0.991412,0.991412,0.991412,0.991412,0.991412,0.991412,0.991412,0.991412,0.991412,0.991412,0.991412,0.991412,0.991412,0.991412,0.991412,0.991412,0.991412,0.991412,0.991412,0.991412,0.991412,0.991412,0.991412,0.991412,0.991412,0.991412
0.991412,0.991412,0.991412,0.991412,0.991412,0.991412,0.991412,0.991412,0.991412,0.991412,0.991412,0.991412,0.991412,0.991412,0.991412,0.991412,0.991412,0.991412,0.991412,0.991412,0.991412,0.991412,0.991412,0.991412,0.991412,0.991412,0.991412,0.991412,0.991412,0.991412,0.991412,0.991412,0.991412,0.991412,0.991412,0.991412,0.991412,0.991412,0.991412,0.991412,0.991412,0.991412,0.991412,0.991412,0.989430,0.990129,0.990353,0.991221,0.992087,0.992885,0.993597,0.994113,0.994453,0.994683,0.994703,0.994368,0.993042,0.993188,0.992818,0.991929,0.992125,0.991092,0.992024,0.992664,0.992752,0.993112,0.993904,0.995057,0.995455,0.995149,0.994992,0.995101,0.995023,0.994967,0.994637,0.993741,0.993903,0.994107,0.993708,0.993320,0.993108,0.992165,0.992355,0.991282,0.991102,0.992038,0.991816,0.992535,0.994617,0.995596,0.838575,0.819686,0.778078,0.875087,0.879582,0.874468,0.857567,0.888305,0.927971,0.991644,0.991412,0.991412,0.991412,0.991412,0.991412,0.991412,0.991412,0.991412,0.991412,0.991412,0.991412,0.991412,0.991412,0.991412,0.991412,0.991412,0.991412,0.991412,0.991412,0.991412,0.991412,0.991412,0.991412,0.991412,0.991412,0.991412,0.991412,0.991412,0.991412,0.991412,0.991412,0.991412,0.991412,0.991412,0.991412,0.991412,0.991412,0.991412,0.991412,0.991412,0.991412,0.991412,0.991412,0.991412
0.991412,0.991412,0.991412,0.991412,0.991412,0.991412,0.991412,0.991412,0.991412,0.991412,0.991412,0.991412,0.991412,0.991412,0.991412,0.991412,0.991412,0.991412,0.991412,0.991412,0.991412,0.991412,0.991412,0.991412,0.991412,0.991412,0.991412,0.991412,0.991412,0.991412,0.991412,0.991412,0.991412,0.991412,0.991412,0.991412,0.991412,0.991412,0.991412,0.991412,0.991412,0.991412,0.991412,0.989905,0.989828,0.990593,0.991123,0.991889,0.992772,0.993584,0.994121,0.994553,0.994839,0.995138,0.995249,0.994884,0.993910,0.994190,0.993662,0.992960,0.993072,0.993152,0.993711,0.994210,0.994044,0.994368,0.994856,0.995722,0.995703,0.995038,0.995182,0.995207,0.995075,0.995151,0.994935,0.994764,0.994986,0.994788,0.994612,0.994228,0.994011,0.993445,0.992930,0.992060,0.992432,0.993031,0.993200,0.993281,0.992695,0.994408,0.746271,0.773101,0.739004,0.864138,0.859301,0.859736,0.845411,0.873050,0.908060,0.969114,0.635391,0.991412,0.991412,0.991412,0.991412,0.991412,0.991412,0.991412,0.991412,0.991412,0.991412,0.991412,0.991412,0.991412,0.991412,0.991412,0.991412,0.991412,0.991412,0.991412,0.991412,0.991412,0.991412,0.991412,0.991412,0.991412,0.991412,0.991412,0.991412,0.991412,0.991412,0.991412,0.991412,0.991412,0.991412,0.991412,0.991412,0.991412,0.991412,0.991412,0.991412,0.991412,0.991412,0.991412
0.991412,0.991412,0.991412,0.991412,0.991412,0.991412,0.991412,0.991412,0.991412,0.991412,0.991412,0.991412,0.991412,0.991412,0.991412,0.991412,0.991412,0.991412,0.991412,0.991412,0.991412,0.991412,0.991412,0.991412,0.991412,0.991412,0.991412,0.991412,0.991412,0.991412,0.991412,0.991412,0.991412,0.991412,0.991412,0.991412,0.991412,0.991412,0.991412,0.991412,0.991412,0.991412,0.990283,0.990523,0.990863,0.991664,0.992316,0.992982,0.993737,0.994127,0.994452,0.994527,0.994595,0.994644,0.994608,0.993824,0.992787,0.993716,0.993369,0.991908,0.992525,0.993020,0.993774,0.994075,0.993854,0.994017,0.995372,0.995952,0.995835,0.994711,0.994092,0.994282,0.994134,0.994312,0.993650,0.993307,0.993872,0.993972,0.993596,0.993333,0.992764,0.992994,0.992933,0.991949,0.992713,0.993673,0.993695,0.993329,0.992973,0.993835,0.594189,0.710817,0.682604,0.848639,0.851009,0.832748,0.822085,0.847218,0.877242,0.934742,0.410292,0.509248,0.991412,0.991412,0.991412,0.991412,0.991412,0.991412,0.991412,0.991412,0.991412,0.991412,0.991412,0.991412,0.991412,0.991412,0.991412,0.991412,0.991412,0.991412,0.991412,0.991412,0.991412,0.991412,0.991412,0.991412,0.991412,0.991412,0.991412,0.991412,0.991412,0.991412,0.991412,0.991412,0.991412,0.991412,0.991412,0.991412,0.991412,0.991412,0.991412,0.991412,0.991412,0.991412
0.991412,0.991412,0.991412,0.991412,0.991412,0.991412,0.991412,0.991412,0.991412,0.991412,0.991412,0.991412,0.991412,0.991412,0.991412,0.991412,0.991412,0.991412,0.991412,0.991412,0.991412,0.991412,0.991412,0.991412,0.991412,0.991412,0.991412,0.991412,0.991412,0.991412,0.991412,0.991412,0.991412,0.991412,0.991412,0.991412,0.991412,0.991412,0.991412,0.991412,0.991412,0.969483,0.986126,0.987757,0.988770,0.989943,0.990763,0.991325,0.994243,0.994394,0.994696,0.994283,0.993833,0.993578,0.994008,0.993556,0.992837,0.994022,0.993479,0.992022,0.992774,0.993174,0.993766,0.993741,0.993277,0.993396,0.994398,0.994697,0.994386,0.993753,0.993534,0.993849,0.993693,0.993850,0.993336,0.993108,0.993546,0.993520,0.993331,0.993734,0.993210,0.993639,0.994032,0.993233,0.993699,0.994181,0.993553,0.993783,0.993047,0.993522,0.364071,0.629146,0.601950,0.828389,0.836497,0.820988,0.818149,0.848684,0.880106,0.936777,0.568173,0.655764,0.990917,0.991412,0.991412,0.991412,0.991412,0.991412,0.991412,0.991412,0.991412,0.991412,0.991412,0.991412,0.991412,0.991412,0.991412,0.991412,0.991412,0.991412,0.991412,0.991412,0.991412,0.991412,0.991412,0.991412,0.991412,0.991412,0.991412,0.991412,0.991412,0.991412,0.991412,0.991412,0.991412,0.991412,0.991412,0.991412,0.991412,0.991412,0.991412,0.991412,0.991412,0.991412
0.991412,0.991412,0.991412,0.991412,0.991412,0.991412,0.991412,0.991412,0.991412,0.991412,0.991412,0.991412,0.991412,0.991412,0.991412,0.991412,0.991412,0.991412,0.991412,0.991412,0.991412,0.991412,0.991412,0.991412,0.991412,0.991412,0.991412,0.991412,0.991412,0.991412,0.991412,0.991412,0.991412,0.991412,0.991412,0.991412,0.991412,0.991412,0.991412,0.991412,0.991412,0.843797,0.959675,0.968884,0.973324,0.976377,0.977563,0.976484,0.994224,0.994284,0.994290,0.993295,0.992483,0.993122,0.993600,0.991862,0.991622,0.992979,0.992706,0.991468,0.992457,0.993153,0.993824,0.993740,0.993840,0.994152,0.994902,0.995250,0.994927,0.994982,0.994675,0.994508,0.994953,0.994966,0.994811,0.994524,0.994462,0.994279,0.993950,0.993971,0.993201,0.993246,0.993547,0.992831,0.993242,0.993831,0.993023,0.993780,0.993008,0.993863,0.992961,0.797150,0.689364,0.876573,0.875098,0.855306,0.857025,0.853100,0.885100,0.939423,0.679138,0.725622,0.989425,0.988691,0.991412,0.991412,0.991412,0.991412,0.991412,0.991412,0.991412,0.991412,0.991412,0.991412,0.991412,0.991412,0.991412,0.991412,0.991412,0.991412,0.991412,0.991412,0.991412,0.991412,0.991412,0.991412,0.991412,0.991412,0.991412,0.991412,0.991412,0.991412,0.991412,0.991412,0.991412,0.991412,0.991412,0.991412,0.991412,0.991412,0.991412,0.991412,0.991412,0.991412
0.991412,0.991412,0.991412,0.991412,0.991412,0.991412,0.991412,0.991412,0.991412,0.991412,0.991412,0.991412,0.991412,0.991412,0.991412,0.991412,0.991412,0.991412,0.991412,0.991412,0.991412,0.991412,0.991412,0.991412,0.991412,0.991412,0.991412,0.991412,0.991412,0.991412,0.991412,0.991412,0.991412,0.991412,0.991412,0.991412,0.991412,0.991412,0.991412,0.991412,0.988881,0.889352,0.962221,0.970247,0.974278,0.976776,0.977214,0.973944,0.994482,0.994538,0.993643,0.992465,0.992535,0.992806,0.993184,0.991611,0.991391,0.993357,0.993021,0.992169,0.993035,0.993854,0.994237,0.994093,0.994429,0.995080,0.995252,0.995455,0.994897,0.994777,0.994415,0.994007,0.993953,0.993873,0.993659,0.994059,0.993902,0.994183,0.994303,0.994627,0.994289,0.994515,0.994527,0.994323,0.993836,0.993924,0.993142,0.994046,0.993658,0.994530,0.993638,0.993571,0.610084,0.910473,0.902254,0.878402,0.885858,0.891721,0.862473,0.916807,0.679563,0.683157,0.776614,0.634172,0.548723,0.991412,0.991412,0.991412,0.991412,0.991412,0.991412,0.991412,0.991412,0.991412,0.991412,0.991412,0.991412,0.991412,0.991412,0.991412,0.991412,0.991412,0.991412,0.991412,0.991412,0.991412,0.991412,0.991412,0.991412,0.991412,0.991412,0.991412,0.991412,0.991412,0.991412,0.991412,0.991412,0.991412,0.991412,0.991412,0.991412,0.991412,0.991412,0.991412
0.991412,0.991412,0.991412,0.991412,0.991412,0.991412,0.991412,0.991412,0.991412,0.991412,0.991412,0.991412,0.991412,0.991412,0.991412,0.991412,0.991412,0.991412,0.991412,0.991412,0.991412,0.991412,0.991412,0.991412,0.991412,0.991412,0.991412,0.991412,0.991412,0.991412,0.991412,0.991412,0.991412,0.991412,0.991412,0.991412,0.991412,0.991412,0.991412,0.991412,0.988612,0.894117,0.962901,0.970715,0.974418,0.975846,0.975824,0.970655,0.994368,0.994173,0.993114,0.992957,0.993140,0.993558,0.994051,0.992651,0.992478,0.993953,0.994249,0.994088,0.994277,0.994997,0.995162,0.994742,0.995086,0.995242,0.995158,0.995341,0.994881,0.994880,0.994493,0.994183,0.994169,0.994103,0.993916,0.994209,0.993934,0.994512,0.994617,0.994887,0.994813,0.995000,0.995150,0.994854,0.994308,0.994647,0.993839,0.994533,0.994529,0.995174,0.995440,0.995159,0.994806,0.997004,0.967902,0.932361,0.937347,0.942615,0.918049,0.919238,0.754949,0.766662,0.841998,0.739799,0.623297,0.991412,0.991412,0.991412,0.991412,0.991412,0.991412,0.991412,0.991412,0.991412,0.991412,0.991412,0.991412,0.991412,0.991412,0.991412,0.991412,0.991412,0.991412,0.991412,0.991412,0.991412,0.991412,0.991412,0.991412,0.991412,0.991412,0.991412,0.991412,0.991412,0.991412,0.991412,0.991412,0.991412,0.991412,0.991412,0.991412,0.991412,0.991412,0.991412
0.991412,0.991412,0.991412,0.991412,0.991412,0.991412,0.991412,0.991412,0.991412,0.991412,0.991412,0.991412,0.991412,0.991412,0.991412,0.991412,0.991412,0.991412,0.991412,0.991412,0.991412,0.991412,0.991412,0.991412,0.991412,0.991412,0.991412,0.991412,0.991412,0.991412,0.991412,0.991412,0.991412,0.991412,0.991412,0.991412,0.991412,0.991412,0.991412,0.719380,0.776344,0.759377,0.915427,0.935532,0.941358,0.944616,0.973868,0.966515,0.994179,0.993933,0.993734,0.993048,0.993234,0.993188,0.994180,0.992972,0.993116,0.994355,0.994087,0.994108,0.994397,0.995166,0.994762,0.994564,0.995013,0.995668,0.995579,0.995597,0.995166,0.995413,0.995182,0.994920,0.994886,0.994660,0.994508,0.995356,0.995122,0.995116,0.995118,0.994666,0.994609,0.994862,0.994672,0.994528,0.994095,0.994384,0.994236,0.994709,0.994727,0.995249,0.995294,0.995017,0.994487,0.994345,0.892280,0.792196,0.820361,0.859821,0.804975,0.836186,0.833750,0.857687,0.916487,0.892853,0.865762,0.989417,0.991412,0.991412,0.991412,0.991412,0.991412,0.991412,0.991412,0.991412,0.991412,0.991412,0.991412,0.991412,0.991412,0.991412,0.991412,0.991412,0.991412,0.991412,0.991412,0.991412,0.991412,0.991412,0.991412,0.991412,0.991412,0.991412,0.991412,0.991412,0.991412,0.991412,0.991412,0.991412,0.991412,0.991412,0.991412,0.991412,0.991412,0.991412
0.991412,0.991412,0.991412,0.991412,0.991412,0.991412,0.991412,0.991412,0.991412,0.991412,0.991412,0.991412,0.991412,0.991412,0.991412,0.991412,0.991412,0.991412,0.991412,0.991412,0.991412,0.991412,0.991412,0.991412,0.991412,0.991412,0.991412,0.991412,0.991412,0.991412,0.991412,0.991412,0.991412,0.991412,0.991412,0.991412,0.991412,0.991412,0.991412,0.744683,0.793899,0.789164,0.920135,0.930477,0.937671,0.941506,0.971174,0.961363,0.993867,0.994102,0.993927,0.993411,0.993384,0.993520,0.994263,0.993559,0.993357,0.994148,0.993815,0.993997,0.994437,0.995519,0.995454,0.995565,0.996178,0.996523,0.996382,0.996119,0.995775,0.995836,0.995562,0.995427,0.995621,0.995646,0.995805,0.996169,0.995755,0.996026,0.996063,0.995321,0.995128,0.995232,0.995534,0.995902,0.994836,0.994691,0.994533,0.995090,0.995246,0.995497,0.995305,0.995393,0.994843,0.994682,0.994357,0.844532,0.861861,0.901525,0.847390,0.888120,0.896569,0.895487,0.942854,0.933770,0.919141,0.990119,0.991412,0.991412,0.991412,0.991412,0.991412,0.991412,0.991412,0.991412,0.991412,0.991412,0.991412,0.991412,0.991412,0.991412,0.991412,0.991412,0.991412,0.991412,0.991412,0.991412,0.991412,0.991412,0.991412,0.991412,0.991412,0.991412,0.991412,0.991412,0.991412,0.991412,0.991412,0.991412,0.991412,0.991412,0.991412,0.991412,0.991412,0.991412
0.991412,0.991412,0.991412,0.991412,0.991412,0.991412,0.991412,0.991412,0.991412,0.991412,0.991412,0.991412,0.991412,0.991412,0.991412,0.991412,0.991412,0.991412,0.991412,0.991412,0.991412,0.991412,0.991412,0.991412,0.991412,0.991412,0.991412,0.991412,0.991412,0.991412,0.991412,0.991412,0.991412,0.991412,0.991412,0.991412,0.991412,0.991412,-0.431480,-0.297162,-0.177420,-0.017120,0.326198,0.386599,0.451821,0.927639,0.965873,0.955427,0.993703,0.993962,0.994201,0.994280,0.994348,0.994354,0.995085,0.994535,0.994113,0.994235,0.994179,0.994303,0.994817,0.995307,0.995429,0.995392,0.995505,0.995539,0.995854,0.995619,0.995606,0.995498,0.995315,0.995366,0.995464,0.995361,0.995314,0.995491,0.995334,0.995705,0.995900,0.995143,0.995514,0.995920,0.996483,0.996984,0.995736,0.995744,0.995580,0.995316,0.995312,0.995091,0.994929,0.995242,0.994506,0.994488,0.994658,0.994980,0.994646,0.994545,0.914386,0.939518,0.949532,0.952516,0.951631,0.946318,0.932800,0.990423,0.991412,0.991412,0.991412,0.991412,0.991412,0.991412,0.991412,0.991412,0.991412,0.991412,0.991412,0.991412,0.991412,0.991412,0.991412,0.991412,0.991412,0.991412,0.991412,0.991412,0.991412,0.991412,0.991412,0.991412,0.991412,0.991412,0.991412,0.991412,0.991412,0.991412,0.991412,0.991412,0.991412,0.991412,0.991412,0.991412,0.991412,0.991412
0.991412,0.991412,0.991412,0.991412,0.991412,0.991412,0.991412,0.991412,0.991412,0.991412,0.991412,0.991412,0.991412,0.991412,0.991412,0.991412,0.991412,0.991412,0.991412,0.991412,0.991412,0.991412,0.991412,0.991412,0.991412,0.991412,0.991412,0.991412,0.991412,0.991412,0.991412,0.991412,0.991412,0.991412,0.991412,0.991412,0.991412,0.991412,-0.404473,-0.249957,-0.105702,0.046764,0.173844,0.281281,0.369621,0.915918,0.964296,0.955604,0.993260,0.994211,0.993520,0.993370,0.993303,0.993739,0.994517,0.993896,0.993649,0.994102,0.994493,0.994890,0.995397,0.995934,0.995681,0.995404,0.995386,0.995188,0.995358,0.995077,0.995295,0.995710,0.995759,0.996012,0.996093,0.996281,0.996505,0.996219,0.995831,0.995684,0.995763,0.995119,0.995327,0.995626,0.996285,0.996796,0.996102,0.996024,0.995665,0.995322,0.995202,0.994838,0.994436,0.994899,0.994227,0.994186,0.993662,0.994059,0.993914,0.994285,0.898031,0.939333,0.953765,0.960108,0.961765,0.960616,0.954277,0.991164,0.990689,0.991412,0.991412,0.991412,0.991412,0.991412,0.991412,0.991412,0.991412,0.991412,0.991412,0.991412,0.991412,0.991412,0.991412,0.991412,0.991412,0.991412,0.991412,0.991412,0.991412,0.991412,0.991412,0.991412,0.991412,0.991412,0.991412,0.991412,0.991412,0.991412,0.991412,0.991412,0.991412,0.991412,0.991412,0.991412,0.991412,0.991412
0.991412,0.991412,0.991412,0.991412,0.991412,0.991412,0.991412,0.991412,0.991412,0.991412,0.991412,0.991412,0.991412,0.991412,0.991412,0.991412,0.991412,0.991412,0.991412,0.991412,0.991412,0.991412,0.991412,0.991412,0.991412,0.991412,0.991412,0.991412,0.991412,0.991412,0.991412,0.991412,0.991412,0.991412,0.991412,0.991412,0.991412,0.991412,-0.709055,-0.614978,-0.503740,-0.376728,-0.261808,-0.163932,-0.084509,0.942105,0.992356,0.994122,0.993839,0.994709,0.993987,0.993932,0.994259,0.994654,0.995405,0.995251,0.995279,0.995705,0.995715,0.996047,0.995907,0.995947,0.995770,0.995232,0.995301,0.995114,0.995327,0.995438,0.995618,0.996087,0.996159,0.996405,0.996703,0.996855,0.997022,0.996732,0.996246,0.995972,0.995889,0.995386,0.995398,0.995570,0.995792,0.996488,0.995957,0.995866,0.995595,0.995022,0.995108,0.994347,0.994138,0.994818,0.994098,0.994115,0.993345,0.993558,0.993337,0.993888,0.810262,0.922802,0.948535,0.960970,0.965302,0.966211,0.963441,0.991675,0.990253,0.991412,0.991412,0.991412,0.991412,0.991412,0.991412,0.991412,0.991412,0.991412,0.991412,0.991412,0.991412,0.991412,0.991412,0.991412,0.991412,0.991412,0.991412,0.991412,0.991412,0.991412,0.991412,0.991412,0.991412,0.991412,0.991412,0.991412,0.991412,0.991412,0.991412,0.991412,0.991412,0.991412,0.991412,0.991412,0.991412,0.991412
0.991412,0.991412,0.991412,0.991412,0.991412,0.991412,0.991412,0.991412,0.991412,0.991412,0.991412,0.991412,0.991412,0.991412,0.991412,0.991412,0.991412,0.991412,0.991412,0.991412,0.991412,0.991412,0.991412,0.991412,0.991412,0.991412,0.991412,0.991412,0.991412,0.991412,0.991412,0.991412,0.991412,0.991412,0.991412,0.991412,0.991412,0.991412,-0.758260,-0.678842,-0.611182,-0.492853,-0.373253,-0.277207,-0.207321,0.938184,0.992503,0.993909,0.993807,0.994793,0.994574,0.994315,0.994730,0.994946,0.995590,0.995250,0.995501,0.995677,0.995708,0.995862,0.995550,0.995359,0.995115,0.994757,0.994856,0.994936,0.995017,0.995383,0.995538,0.995434,0.995663,0.995939,0.996004,0.996505,0.996573,0.996373,0.996401,0.996021,0.995909,0.995408,0.995321,0.995405,0.995442,0.995931,0.995944,0.995572,0.996077,0.995430,0.995387,0.994926,0.995151,0.995411,0.995197,0.994662,0.993903,0.993844,0.993516,0.993256,0.993577,0.994642,0.995328,0.995347,0.994955,0.994371,0.993412,0.992106,0.990268,0.991412,0.991412,0.991412,0.991412,0.991412,0.991412,0.991412,0.991412,0.991412,0.991412,0.991412,0.991412,0.991412,0.991412,0.991412,0.991412,0.991412,0.991412,0.991412,0.991412,0.991412,0.991412,0.991412,0.991412,0.991412,0.991412,0.991412,0.991412,0.991412,0.991412,0.991412,0.991412,0.991412,0.991412,0.991412,0.991412,0.991412
0.991412,0.991412,0.991412,0.991412,0.991412,0.991412,0.991412,0.991412,0.991412,0.991412,0.991412,0.991412,0.991412,0.991412,0.991412,0.991412,0.991412,0.991412,0.991412,0.991412,0.991412,0.991412,0.991412,0.991412,0.991412,0.991412,0.991412,0.991412,0.991412,0.991412,0.991412,0.991412,0.991412,0.991412,0.991412,0.991412,0.991412,0.991412,-0.806481,-0.650008,-0.575028,-0.475531,-0.382115,-0.315438,-0.276073,0.939647,0.991551,0.993243,0.993336,0.994616,0.994493,0.994198,0.994358,0.994761,0.995635,0.995001,0.995279,0.995379,0.995847,0.996142,0.996016,0.995547,0.995669,0.995606,0.995872,0.995769,0.995527,0.995841,0.996239,0.995902,0.995764,0.996165,0.996130,0.996701,0.996934,0.996719,0.997050,0.996949,0.996536,0.996425,0.996114,0.996001,0.995612,0.995639,0.995707,0.995537,0.995807,0.995724,0.995367,0.995095,0.995636,0.995747,0.995163,0.995160,0.994480,0.994493,0.993328,0.992557,0.993124,0.994157,0.944466,0.964387,0.970366,0.972228,0.970802,0.965864,0.916347,0.991412,0.991412,0.991412,0.991412,0.991412,0.991412,0.991412,0.991412,0.991412,0.991412,0.991412,0.991412,0.991412,0.991412,0.991412,0.991412,0.991412,0.991412,0.991412,0.991412,0.991412,0.991412,0.991412,0.991412,0.991412,0.991412,0.991412,0.991412,0.991412,0.991412,0.991412,0.991412,0.991412,0.991412,0.991412,0.991412,0.991412
0.991412,0.991412,0.991412,0.991412,0.991412,0.991412,0.991412,0.991412,0.991412,0.991412,0.991412,0.991412,0.991412,0.991412,0.991412,0.991412,0.991412,0.991412,0.991412,0.991412,0.991412,0.991412,0.991412,0.991412,0.991412,0.991412,0.991412,0.991412,0.991412,0.991412,0.991412,0.991412,0.991412,0.991412,0.991412,0.991412,0.991412,0.991412,-0.829946,-0.605358,-0.499256,-0.403080,-0.332531,-0.293801,-0.288431,0.992619,0.992722,0.993826,0.993774,0.994861,0.994516,0.994588,0.994783,0.995446,0.995958,0.995497,0.995673,0.995676,0.996141,0.996138,0.996273,0.995376,0.995675,0.995756,0.995966,0.996328,0.996196,0.996188,0.996603,0.996174,0.996074,0.996179,0.995936,0.996149,0.996498,0.996160,0.996854,0.996500,0.996333,0.995976,0.996011,0.995780,0.995623,0.995616,0.996087,0.995828,0.996009,0.995842,0.996101,0.995927,0.996484,0.996159,0.995579,0.995608,0.995192,0.994685,0.993865,0.993791,0.994941,0.995019,0.936306,0.954112,0.959784,0.961142,0.958019,0.948898,0.879575,0.991412,0.991412,0.991412,0.991412,0.991412,0.991412,0.991412,0.991412,0.991412,0.991412,0.991412,0.991412,0.991412,0.991412,0.991412,0.991412,0.991412,0.991412,0.991412,0.991412,0.991412,0.991412,0.991412,0.991412,0.991412,0.991412,0.991412,0.991412,0.991412,0.991412,0.991412,0.991412,0.991412,0.991412,0.991412,0.991412,0.991412
0.991412,0.991412,0.991412,0.991412,0.991412,0.991412,0.991412,0.991412,0.991412,0.991412,0.991412,0.991412,0.991412,0.991412,0.991412,0.991412,0.991412,0.991412,0.991412,0.991412,0.991412,0.991412,0.991412,0.991412,0.991412,0.991412,0.991412,0.991412,0.991412,0.991412,0.991412,0.991412,0.991412,0.991412,0.991412,0.991412,0.991412,0.991412,-0.838857,-0.605918,-0.483132,-0.379393,-0.316695,-0.293696,-0.308867,0.992086,0.992785,0.993738,0.993727,0.994542,0.994150,0.994270,0.994372,0.995689,0.996105,0.995494,0.995876,0.995478,0.995512,0.995660,0.995522,0.994605,0.995141,0.995346,0.995766,0.996402,0.996546,0.996844,0.996994,0.996478,0.996137,0.996165,0.996127,0.996056,0.996262,0.996035,0.996478,0.996631,0.996554,0.995997,0.996071,0.995915,0.995746,0.996049,0.996351,0.995716,0.996038,0.995898,0.995841,0.995634,0.996206,0.995884,0.995520,0.995527,0.995529,0.995262,0.994699,0.994639,0.995548,0.995023,0.920116,0.934163,0.938149,0.937587,0.930814,0.913254,0.816456,0.991412,0.991412,0.991412,0.991412,0.991412,0.991412,0.991412,0.991412,0.991412,0.991412,0.991412,0.991412,0.991412,0.991412,0.991412,0.991412,0.991412,0.991412,0.991412,0.991412,0.991412,0.991412,0.991412,0.991412,0.991412,0.991412,0.991412,0.991412,0.991412,0.991412,0.991412,0.991412,0.991412,0.991412,0.991412,0.991412,0.991412
0.991412,0.991412,0.991412,0.991412,0.991412,0.991412,0.991412,0.991412,0.991412,0.991412,0.991412,0.991412,0.991412,0.991412,0.991412,0.991412,0.991412,0.991412,0.991412,0.991412,0.991412,0.991412,0.991412,0.991412,0.991412,0.991412,0.991412,0.991412,0.991412,0.991412,0.991412,0.991412,0.991412,0.991412,0.991412,0.991412,0.991412,0.991412,-0.823191,-0.568827,-0.417179,-0.292991,-0.225252,-0.205305,-0.230474,0.992284,0.992997,0.993457,0.993497,0.994499,0.994181,0.994260,0.994614,0.995879,0.996175,0.995715,0.996071,0.995604,0.995463,0.995664,0.995942,0.994971,0.995101,0.995472,0.995801,0.996352,0.996828,0.996897,0.996900,0.996365,0.996134,0.996086,0.996013,0.995911,0.995999,0.995757,0.996464,0.996727,0.996627,0.996329,0.996266,0.996135,0.996206,0.996245,0.996293,0.995693,0.995936,0.995747,0.995804,0.995929,0.996477,0.996786,0.996315,0.995996,0.996558,0.996260,0.995489,0.995232,0.995628,0.995017,0.898876,0.907872,0.907688,0.903135,0.892883,0.871862,0.737762,0.991412,0.991412,0.991412,0.991412,0.991412,0.991412,0.991412,0.991412,0.991412,0.991412,0.991412,0.991412,0.991412,0.991412,0.991412,0.991412,0.991412,0.991412,0.991412,0.991412,0.991412,0.991412,0.991412,0.991412,0.991412,0.991412,0.991412,0.991412,0.991412,0.991412,0.991412,0.991412,0.991412,0.991412,0.991412,0.991412,0.991412
0.991412,0.991412,0.991412,0.991412,0.991412,0.991412,0.991412,0.991412,0.991412,0.991412,0.991412,0.991412,0.991412,0.991412,0.991412,0.991412,0.991412,0.991412,0.991412,0.991412,0.991412,0.991412,0.991412,0.991412,0.991412,0.991412,0.991412,0.991412,0.991412,0.991412,0.991412,0.991412,0.991412,0.991412,0.991412,0.991412,0.991412,0.991412,-0.806204,-0.561842,-0.401738,-0.267036,-0.185782,-0.164195,-0.190724,0.993001,0.993877,0.994217,0.994449,0.994969,0.995011,0.995201,0.995745,0.996370,0.996093,0.995690,0.995264,0.995243,0.995410,0.995831,0.996351,0.995716,0.995779,0.996151,0.996181,0.996471,0.996730,0.996817,0.996511,0.996519,0.996406,0.996312,0.996256,0.996163,0.996112,0.995935,0.996189,0.996308,0.996332,0.996395,0.996158,0.996356,0.996549,0.996524,0.996312,0.995490,0.995659,0.995870,0.995498,0.995707,0.996316,0.996940,0.996770,0.996389,0.996548,0.996494,0.995523,0.995208,0.994858,0.994412,0.897102,0.900817,0.895827,0.884215,0.865162,0.842949,0.692282,0.991412,0.991412,0.991412,0.991412,0.991412,0.991412,0.991412,0.991412,0.991412,0.991412,0.991412,0.991412,0.991412,0.991412,0.991412,0.991412,0.991412,0.991412,0.991412,0.991412,0.991412,0.991412,0.991412,0.991412,0.991412,0.991412,0.991412,0.991412,0.991412,0.991412,0.991412,0.991412,0.991412,0.991412,0.991412,0.991412,0.991412
0.991412,0.991412,0.991412,0.991412,0.991412,0.991412,0.991412,0.991412,0.991412,0.991412,0.991412,0.991412,0.991412,0.991412,0.991412,0.991412,0.991412,0.991412,0.991412,0.991412,0.991412,0.991412,0.991412,0.991412,0.991412,0.991412,0.991412,0.991412,0.991412,0.991412,0.991412,0.991412,0.991412,0.991412,0.991412,0.991412,0.991412,0.991412,-0.785200,-0.471684,-0.282267,-0.120907,-0.020772,0.014132,-0.007517,0.992704,0.993176,0.993868,0.994262,0.994952,0.995265,0.995146,0.995886,0.996363,0.996155,0.995450,0.995169,0.995752,0.995955,0.996180,0.996651,0.996088,0.996147,0.996342,0.996187,0.996471,0.996714,0.996759,0.996159,0.996225,0.996177,0.995954,0.995711,0.995469,0.995540,0.995787,0.995823,0.995970,0.995814,0.996152,0.996208,0.996215,0.996595,0.996669,0.996247,0.995558,0.995225,0.995454,0.995154,0.995185,0.995909,0.996777,0.996424,0.996232,0.996263,0.996211,0.995163,0.995131,0.994748,0.994305,0.893413,0.894793,0.886584,0.868404,0.832990,0.789774,0.632098,0.991412,0.991412,0.991412,0.991412,0.991412,0.991412,0.991412,0.991412,0.991412,0.991412,0.991412,0.991412,0.991412,0.991412,0.991412,0.991412,0.991412,0.991412,0.991412,0.991412,0.991412,0.991412,0.991412,0.991412,0.991412,0.991412,0.991412,0.991412,0.991412,0.991412,0.991412,0.991412,0.991412,0.991412,0.991412,0.991412,0.991412
0.991412,0.991412,0.991412,0.991412,0.991412,0.991412,0.991412,0.991412,0.991412,0.991412,0.991412,0.991412,0.991412,0.991412,0.991412,0.991412,0.991412,0.991412,0.991412,0.991412,0.991412,0.991412,0.991412,0.991412,0.991412,0.991412,0.991412,0.991412,0.991412,0.991412,0.991412,0.991412,0.991412,0.991412,0.991412,0.991412,0.991412,0.991412,-0.760871,-0.414530,-0.217246,-0.050786,0.056223,0.096751,0.078310,0.992464,0.993396,0.994146,0.994025,0.994916,0.995287,0.995353,0.996112,0.996626,0.996464,0.995824,0.995288,0.995820,0.996088,0.996254,0.996833,0.996310,0.996284,0.996328,0.996013,0.996405,0.996656,0.996675,0.995698,0.995885,0.995860,0.995563,0.995343,0.995382,0.995438,0.996035,0.995886,0.995953,0.996289,0.996595,0.996753,0.996633,0.996738,0.996974,0.996786,0.996158,0.995719,0.995493,0.995250,0.995382,0.995419,0.996387,0.996275,0.996170,0.996365,0.996284,0.995434,0.995008,0.994733,0.994418,0.895034,0.893804,0.883105,0.857831,0.801207,0.703236,0.248365,0.991412,0.991412,0.991412,0.991412,0.991412,0.991412,0.991412,0.991412,0.991412,0.991412,0.991412,0.991412,0.991412,0.991412,0.991412,0.991412,0.991412,0.991412,0.991412,0.991412,0.991412,0.991412,0.991412,0.991412,0.991412,0.991412,0.991412,0.991412,0.991412,0.991412,0.991412,0.991412,0.991412,0.991412,0.991412,0.991412,0.991412
0.991412,0.991412,0.991412,0.991412,0.991412,0.991412,0.991412,0.991412,0.991412,0.991412,0.991412,0.991412,0.991412,0.991412,0.991412,0.991412,0.991412,0.991412,0.991412,0.991412,0.991412,0.991412,0.991412,0.991412,0.991412,0.991412,0.991412,0.991412,0.991412,0.991412,0.991412,0.991412,0.991412,0.991412,0.991412,0.991412,0.991412,0.991412,-0.693409,-0.354958,-0.123705,0.061433,0.184074,0.242546,0.249183,0.992510,0.993055,0.993204,0.993237,0.993781,0.994421,0.994663,0.995836,0.996668,0.996124,0.995762,0.995033,0.995701,0.995856,0.996208,0.996796,0.996343,0.996339,0.996611,0.996462,0.996455,0.996420,0.996311,0.995517,0.996020,0.995939,0.995850,0.995595,0.995928,0.996038,0.996468,0.996045,0.995856,0.995718,0.996285,0.996212,0.996291,0.996553,0.997079,0.996936,0.996541,0.996108,0.995544,0.995215,0.995278,0.995078,0.995685,0.995826,0.995864,0.996191,0.996249,0.995861,0.995426,0.994939,0.994664,0.926102,0.924783,0.917640,0.898272,0.852910,0.757699,0.304256,0.991412,0.991412,0.991412,0.991412,0.991412,0.991412,0.991412,0.991412,0.991412,0.991412,0.991412,0.991412,0.991412,0.991412,0.991412,0.991412,0.991412,0.991412,0.991412,0.991412,0.991412,0.991412,0.991412,0.991412,0.991412,0.991412,0.991412,0.991412,0.991412,0.991412,0.991412,0.991412,0.991412,0.991412,0.991412,0.991412,0.991412
0.991412,0.991412,0.991412,0.991412,0.991412,0.991412,0.991412,0.991412,0.991412,0.991412,0.991412,0.991412,0.991412,0.991412,0.991412,0.991412,0.991412,0.991412,0.991412,0.991412,0.991412,0.991412,0.991412,0.991412,0.991412,0.991412,0.991412,0.991412,0.991412,0.991412,0.991412,0.991412,0.991412,0.991412,0.991412,0.991412,0.991412,0.991412,-0.586976,-0.342443,-0.074013,0.141277,0.295922,0.387729,0.438874,0.992993,0.993427,0.993617,0.993648,0.994141,0.995126,0.994911,0.995508,0.996231,0.995806,0.995735,0.995453,0.995989,0.995960,0.996589,0.997039,0.996561,0.996544,0.996805,0.996477,0.996451,0.996195,0.996144,0.995629,0.995742,0.995850,0.995783,0.994946,0.995091,0.995274,0.995288,0.995136,0.994987,0.994909,0.995833,0.995981,0.996058,0.996520,0.997194,0.996961,0.996796,0.996136,0.995995,0.995784,0.995571,0.995160,0.995413,0.995746,0.996212,0.996713,0.996550,0.996612,0.996041,0.994968,0.994654,0.933412,0.934503,0.930444,0.915155,0.875831,0.782767,0.337940,0.991412,0.991412,0.991412,0.991412,0.991412,0.991412,0.991412,0.991412,0.991412,0.991412,0.991412,0.991412,0.991412,0.991412,0.991412,0.991412,0.991412,0.991412,0.991412,0.991412,0.991412,0.991412,0.991412,0.991412,0.991412,0.991412,0.991412,0.991412,0.991412,0.991412,0.991412,0.991412,0.991412,0.991412,0.991412,0.991412,0.991412
0.991412,0.991412,0.991412,0.991412,0.991412,0.991412,0.991412,0.991412,0.991412,0.991412,0.991412,0.991412,0.991412,0.991412,0.991412,0.991412,0.991412,0.991412,0.991412,0.991412,0.991412,0.991412,0.991412,0.991412,0.991412,0.991412,0.991412,0.991412,0.991412,0.991412,0.991412,0.991412,0.991412,0.991412,0.991412,0.991412,0.991412,0.991412,-0.399385,-0.216179,0.061634,0.206490,0.382277,0.509082,0.598713,0.902565,0.909936,0.893124,0.994588,0.995137,0.994258,0.994451,0.995125,0.995706,0.995878,0.995970,0.995732,0.996184,0.996215,0.996851,0.996657,0.996628,0.996615,0.996305,0.996119,0.996139,0.995858,0.996299,0.996229,0.996205,0.996444,0.996537,0.996494,0.996620,0.996339,0.996234,0.995738,0.995648,0.995526,0.995814,0.996072,0.996075,0.996330,0.997192,0.996969,0.996636,0.995963,0.995835,0.996185,0.996024,0.995529,0.995663,0.995890,0.996173,0.996427,0.996269,0.996089,0.995997,0.994947,0.994789,0.952931,0.955426,0.953549,0.943102,0.913571,0.846043,0.448725,0.991412,0.991412,0.991412,0.991412,0.991412,0.991412,0.991412,0.991412,0.991412,0.991412,0.991412,0.991412,0.991412,0.991412,0.991412,0.991412,0.991412,0.991412,0.991412,0.991412,0.991412,0.991412,0.991412,0.991412,0.991412,0.991412,0.991412,0.991412,0.991412,0.991412,0.991412,0.991412,0.991412,0.991412,0.991412,0.991412,0.991412
0.991412,0.991412,0.991412,0.991412,0.991412,0.991412,0.991412,0.991412,0.991412,0.991412,0.991412,0.991412,0.991412,0.991412,0.991412,0.991412,0.991412,0.991412,0.991412,0.991412,0.991412,0.991412,0.991412,0.991412,0.991412,0.991412,0.991412,0.991412,0.991412,0.991412,0.991412,0.991412,0.991412,0.991412,0.991412,0.991412,0.991412,0.991412,-0.088223,0.027225,0.273376,0.369748,0.536139,0.685212,0.779062,0.931374,0.942739,0.952757,0.995979,0.996393,0.996076,0.996203,0.996864,0.997242,0.997160,0.997294,0.997341,0.997977,0.997930,0.997834,0.997155,0.996779,0.996773,0.996600,0.996788,0.996549,0.995577,0.995449,0.995031,0.994643,0.994868,0.994724,0.995570,0.996997,0.996844,0.996580,0.996455,0.996033,0.995846,0.996034,0.996185,0.996061,0.996267,0.996937,0.997032,0.996152,0.995693,0.995864,0.996173,0.996146,0.996010,0.995996,0.995939,0.996139,0.996028,0.995964,0.995827,0.995749,0.995062,0.995025,0.994713,0.994305,0.993541,0.992342,0.990700,0.989819,0.991412,0.991412,0.991412,0.991412,0.991412,0.991412,0.991412,0.991412,0.991412,0.991412,0.991412,0.991412,0.991412,0.991412,0.991412,0.991412,0.991412,0.991412,0.991412,0.991412,0.991412,0.991412,0.991412,0.991412,0.991412,0.991412,0.991412,0.991412,0.991412,0.991412,0.991412,0.991412,0.991412,0.991412,0.991412,0.991412,0.991412,0.991412
0.991412,0.991412,0.991412,0.991412,0.991412,0.991412,0.991412,0.991412,0.991412,0.991412,0.991412,0.991412,0.991412,0.991412,0.991412,0.991412,0.991412,0.991412,0.991412,0.991412,0.991412,0.991412,0.991412,0.991412,0.991412,0.991412,0.991412,0.991412,0.991412,0.991412,0.991412,0.991412,0.991412,0.991412,0.991412,0.991412,0.991412,0.991412,0.991412,0.989984,0.990268,0.614754,0.738878,0.853005,0.932730,0.953523,0.968428,0.950416,0.817880,0.804807,0.816831,0.823327,0.849350,0.855589,0.875409,0.997592,0.997654,0.997955,0.997938,0.998091,0.997603,0.997207,0.997054,0.996886,0.996582,0.995384,0.993232,0.991571,0.988992,0.987080,0.987408,0.987076,0.988370,0.990833,0.991801,0.993029,0.994676,0.994852,0.995755,0.996114,0.996077,0.996269,0.996262,0.996288,0.996558,0.837686,0.841064,0.875793,0.900320,0.906351,0.908092,0.923327,0.997166,0.997111,0.996600,0.995939,0.995768,0.995654,0.995248,0.995142,0.994571,0.994083,0.993307,0.992206,0.990855,0.989703,0.991412,0.991412,0.991412,0.991412,0.991412,0.991412,0.991412,0.991412,0.991412,0.991412,0.991412,0.991412,0.991412,0.991412,0.991412,0.991412,0.991412,0.991412,0.991412,0.991412,0.991412,0.991412,0.991412,0.991412,0.991412,0.991412,0.991412,0.991412,0.991412,0.991412,0.991412,0.991412,0.991412,0.991412,0.991412,0.991412,0.991412,0.991412
0.991412,0.991412,0.991412,0.991412,0.991412,0.991412,0.991412,0.991412,0.991412,0.991412,0.991412,0.991412,0.991412,0.991412,0.991412,0.991412,0.991412,0.991412,0.991412,0.991412,0.991412,0.991412,0.991412,0.991412,0.991412,0.991412,0.991412,0.991412,0.991412,0.991412,0.991412,0.991412,0.991412,0.991412,0.991412,0.991412,0.991412,0.991412,0.991412,0.990182,0.990424,0.550371,0.678107,0.833406,0.932823,0.956925,0.972164,0.958043,0.857132,0.853737,0.864512,0.868059,0.884151,0.889721,0.910523,0.997431,0.997592,0.997699,0.997613,0.997470,0.997271,0.997204,0.997150,0.996527,0.995478,0.993143,0.989101,0.985537,0.980769,0.976441,0.975128,0.973168,0.973549,0.976800,0.979107,0.982252,0.986729,0.990013,0.994406,0.996276,0.996307,0.995993,0.995811,0.996135,0.996870,0.883077,0.892100,0.906842,0.924148,0.940356,0.935356,0.934087,0.996915,0.996883,0.996492,0.995931,0.995803,0.995611,0.994986,0.994452,0.993648,0.993183,0.992404,0.991429,0.990644,0.991412,0.991412,0.991412,0.991412,0.991412,0.991412,0.991412,0.991412,0.991412,0.991412,0.991412,0.991412,0.991412,0.991412,0.991412,0.991412,0.991412,0.991412,0.991412,0.991412,0.991412,0.991412,0.991412,0.991412,0.991412,0.991412,0.991412,0.991412,0.991412,0.991412,0.991412,0.991412,0.991412,0.991412,0.991412,0.991412,0.991412,0.991412,0.991412
0.991412,0.991412,0.991412,0.991412,0.991412,0.991412,0.991412,0.991412,0.991412,0.991412,0.991412,0.991412,0.991412,0.991412,0.991412,0.991412,0.991412,0.991412,0.991412,0.991412,0.991412,0.991412,0.991412,0.991412,0.991412,0.991412,0.991412,0.991412,0.991412,0.991412,0.991412,0.991412,0.991412,0.991412,0.991412,0.991412,0.991412,0.991412,0.991412,0.991473,0.991272,0.507236,0.614353,0.809882,0.931020,0.958112,0.973859,0.961805,0.876612,0.876655,0.886563,0.888386,0.900131,0.904705,0.925086,0.997235,0.997445,0.997556,0.997430,0.997311,0.997216,0.997170,0.997079,0.996623,0.993753,0.990766,0.982604,0.975842,0.967012,0.957850,0.953678,0.950546,0.950480,0.953979,0.956304,0.960722,0.969750,0.979790,0.990697,0.995569,0.996511,0.996522,0.996293,0.996650,0.996954,0.960572,0.966314,0.971460,0.975184,0.977066,0.974654,0.973288,0.996875,0.996796,0.996374,0.995801,0.995601,0.995350,0.994532,0.993717,0.992720,0.992230,0.991419,0.990426,0.990093,0.991412,0.991412,0.991412,0.991412,0.991412,0.991412,0.991412,0.991412,0.991412,0.991412,0.991412,0.991412,0.991412,0.991412,0.991412,0.991412,0.991412,0.991412,0.991412,0.991412,0.991412,0.991412,0.991412,0.991412,0.991412,0.991412,0.991412,0.991412,0.991412,0.991412,0.991412,0.991412,0.991412,0.991412,0.991412,0.991412,0.991412,0.991412,0.991412
0.991412,0.991412,0.991412,0.991412,0.991412,0.991412,0.991412,0.991412,0.991412,0.991412,0.991412,0.991412,0.991412,0.991412,0.991412,0.991412,0.991412,0.991412,0.991412,0.991412,0.991412,0.991412,0.991412,0.991412,0.991412,0.991412,0.991412,0.991412,0.991412,0.991412,0.991412,0.991412,0.991412,0.991412,0.991412,0.991412,0.991412,0.991412,0.991412,0.991412,0.991264,0.450435,0.538090,0.780159,0.927781,0.957856,0.974476,0.963544,0.886804,0.888510,0.898062,0.898714,0.907847,0.911056,0.931150,0.996965,0.997262,0.997415,0.997367,0.997291,0.997293,0.997306,0.997305,0.997090,0.996304,0.993625,0.974812,0.965247,0.953164,0.939255,0.935269,0.931602,0.930814,0.932068,0.933474,0.937441,0.949947,0.966956,0.985643,0.994266,0.996330,0.996751,0.996753,0.996799,0.997002,0.978268,0.980491,0.982983,0.983930,0.983754,0.981945,0.980934,0.996754,0.996640,0.996146,0.995515,0.995269,0.994941,0.993908,0.992926,0.991861,0.991423,0.990702,0.990032,0.991034,0.991412,0.991412,0.991412,0.991412,0.991412,0.991412,0.991412,0.991412,0.991412,0.991412,0.991412,0.991412,0.991412,0.991412,0.991412,0.991412,0.991412,0.991412,0.991412,0.991412,0.991412,0.991412,0.991412,0.991412,0.991412,0.991412,0.991412,0.991412,0.991412,0.991412,0.991412,0.991412,0.991412,0.991412,0.991412,0.991412,0.991412,0.991412,0.991412
0.991412,0.991412,0.991412,0.991412,0.991412,0.991412,0.991412,0.991412,0.991412,0.991412,0.991412,0.991412,0.991412,0.991412,0.991412,0.991412,0.991412,0.991412,0.991412,0.991412,0.991412,0.991412,0.991412,0.991412,0.991412,0.991412,0.991412,0.991412,0.991412,0.991412,0.991412,0.991412,0.991412,0.991412,0.991412,0.991412,0.991412,0.991412,0.991412,0.991412,0.991412,0.408189,0.474459,0.743521,0.921700,0.955100,0.973709,0.963116,0.889846,0.892801,0.902831,0.902495,0.910013,0.911343,0.931490,0.996536,0.996918,0.997145,0.997207,0.997209,0.997363,0.997469,0.997544,0.997470,0.997227,0.996432,0.967957,0.958265,0.947369,0.940723,0.939423,0.937993,0.938329,0.935574,0.932596,0.932998,0.942213,0.960657,0.982915,0.993835,0.996773,0.997020,0.996971,0.996900,0.997037,0.983846,0.984783,0.986138,0.986595,0.985883,0.984193,0.983371,0.996540,0.996374,0.995766,0.995047,0.994720,0.994315,0.993057,0.991959,0.990919,0.990510,0.989933,0.989823,0.991412,0.991412,0.991412,0.991412,0.991412,0.991412,0.991412,0.991412,0.991412,0.991412,0.991412,0.991412,0.991412,0.991412,0.991412,0.991412,0.991412,0.991412,0.991412,0.991412,0.991412,0.991412,0.991412,0.991412,0.991412,0.991412,0.991412,0.991412,0.991412,0.991412,0.991412,0.991412,0.991412,0.991412,0.991412,0.991412,0.991412,0.991412,0.991412,0.991412
0.991412,0.991412,0.991412,0.991412,0.991412,0.991412,0.991412,0.991412,0.991412,0.991412,0.991412,0.991412,0.991412,0.991412,0.991412,0.991412,0.991412,0.991412,0.991412,0.991412,0.991412,0.991412,0.991412,0.991412,0.991412,0.991412,0.991412,0.991412,0.991412,0.991412,0.991412,0.991412,0.991412,0.991412,0.991412,0.991412,0.991412,0.991412,0.991412,0.991412,0.991412,0.991434,0.991562,0.990867,0.990705,0.991556,0.993390,0.975516,0.883136,0.887780,0.899276,0.897019,0.902401,0.899426,0.921309,0.995727,0.996264,0.996592,0.996833,0.996965,0.997316,0.997573,0.997771,0.997833,0.997874,0.997904,0.996876,0.971436,0.971884,0.971075,0.973044,0.970991,0.968457,0.960037,0.951143,0.945500,0.943695,0.965569,0.988932,0.996323,0.997150,0.997210,0.997063,0.996928,0.997014,0.985766,0.985685,0.986735,0.987004,0.985859,0.984006,0.983176,0.996085,0.995886,0.995158,0.994273,0.993893,0.993359,0.991991,0.990970,0.990245,0.990011,0.989551,0.989957,0.991412,0.991412,0.991412,0.991412,0.991412,0.991412,0.991412,0.991412,0.991412,0.991412,0.991412,0.991412,0.991412,0.991412,0.991412,0.991412,0.991412,0.991412,0.991412,0.991412,0.991412,0.991412,0.991412,0.991412,0.991412,0.991412,0.991412,0.991412,0.991412,0.991412,0.991412,0.991412,0.991412,0.991412,0.991412,0.991412,0.991412,0.991412,0.991412,0.991412
0.991412,0.991412,0.991412,0.991412,0.991412,0.991412,0.991412,0.991412,0.991412,0.991412,0.991412,0.991412,0.991412,0.991412,0.991412,0.991412,0.991412,0.991412,0.991412,0.991412,0.991412,0.991412,0.991412,0.991412,0.991412,0.991412,0.991412,0.991412,0.991412,0.991412,0.991412,0.991412,0.991412,0.991412,0.991412,0.991412,0.991412,0.991412,0.991412,0.991412,0.991412,0.991412,0.991412,0.991412,0.989467,0.989934,0.991965,0.954459,0.773721,0.773721,0.773721,0.728023,0.667535,0.389422,0.745323,0.992769,0.993935,0.994612,0.995389,0.996042,0.996935,0.997508,0.997922,0.998126,0.998291,0.998467,0.998459,0.998511,1.000000,1.000000,0.998607,0.998288,0.996987,0.989063,0.976247,0.964689,0.964351,0.983223,0.458505,0.843546,0.915546,0.937975,0.945536,0.949341,0.949427,0.985348,0.984301,0.985105,0.985301,0.983321,0.980652,0.978836,0.995099,0.994739,0.993813,0.992334,0.991723,0.990927,0.989364,0.988914,0.988743,0.991412,0.991412,0.991412,0.991412,0.991412,0.991412,0.991412,0.991412,0.991412,0.991412,0.991412,0.991412,0.991412,0.991412,0.991412,0.991412,0.991412,0.991412,0.991412,0.991412,0.991412,0.991412,0.991412,0.991412,0.991412,0.991412,0.991412,0.991412,0.991412,0.991412,0.991412,0.991412,0.991412,0.991412,0.991412,0.991412,0.991412,0.991412,0.991412,0.991412,0.991412,0.991412,0.991412
0.991412,0.991412,0.991412,0.991412,0.991412,0.991412,0.991412,0.991412,0.991412,0.991412,0.991412,0.991412,0.991412,0.991412,0.991412,0.991412,0.991412,0.991412,0.991412,0.991412,0.991412,0.991412,0.991412,0.991412,0.991412,0.991412,0.991412,0.991412,0.991412,0.991412,0.991412,0.991412,0.991412,0.991412,0.991412,0.991412,0.991412,0.991412,0.991412,0.991412,0.991412,0.991412,0.991412,0.991412,0.991412,0.991412,0.991412,0.991412,0.991412,0.991412,0.991412,0.991412,0.991412,0.991412,0.991412,0.991412,0.991489,0.991675,0.992677,0.993840,0.995795,0.997095,0.997853,0.998226,0.998464,0.998664,0.998739,0.998850,0.998882,1.000000,1.000000,1.000000,1.000000,0.996871,0.983860,0.986915,0.218994,0.614829,0.659181,0.814529,0.871454,0.892958,0.897976,0.950565,0.945378,0.995734,0.995020,0.994626,0.994254,0.993539,0.993047,0.991968,0.991538,0.991043,0.990406,0.989641,0.989438,0.989535,0.991412,0.991412,0.991412,0.991412,0.991412,0.991412,0.991412,0.991412,0.991412,0.991412,0.991412,0.991412,0.991412,0.991412,0.991412,0.991412,0.991412,0.991412,0.991412,0.991412,0.991412,0.991412,0.991412,0.991412,0.991412,0.991412,0.991412,0.991412,0.991412,0.991412,0.991412,0.991412,0.991412,0.991412,0.991412,0.991412,0.991412,0.991412,0.991412,0.991412,0.991412,0.991412,0.991412,0.991412,0.991412,0.991412
0.991412,0.991412,0.991412,0.991412,0.991412,0.991412,0.991412,0.991412,0.991412,0.991412,0.991412,0.991412,0.991412,0.991412,0.991412,0.991412,0.991412,0.991412,0.991412,0.991412,0.991412,0.991412,0.991412,0.991412,0.991412,0.991412,0.991412,0.991412,0.991412,0.991412,0.991412,0.991412,0.991412,0.991412,0.991412,0.991412,0.991412,0.991412,0.991412,0.991412,0.991412,0.991412,0.991412,0.991412,0.991412,0.991412,0.991412,0.991412,0.991412,0.991412,0.991412,0.991412,0.991412,0.991412,0.991412,0.991412,0.991412,0.991412,0.989381,0.990997,0.994199,0.996101,0.997321,0.998056,0.998424,0.952419,0.941742,0.919599,0.875811,0.788453,0.660256,0.072868,1.000000,1.000000,0.960701,0.968015,0.858319,0.889270,0.859004,0.887440,0.900055,0.905786,0.901815,0.944129,0.922824,0.993091,0.991457,0.990426,0.989767,0.991412,0.991412,0.991412,0.991412,0.991412,0.991412,0.991412,0.991412,0.991412,0.991412,0.991412,0.991412,0.991412,0.991412,0.991412,0.991412,0.991412,0.991412,0.991412,0.991412,0.991412,0.991412,0.991412,0.991412,0.991412,0.991412,0.991412,0.991412,0.991412,0.991412,0.991412,0.991412,0.991412,0.991412,0.991412,0.991412,0.991412,0.991412,0.991412,0.991412,0.991412,0.991412,0.991412,0.991412,0.991412,0.991412,0.991412,0.991412,0.991412,0.991412,0.991412,0.991412,0.991412,0.991412,0.991412
0.991412,0.991412,0.991412,0.991412,0.991412,0.991412,0.991412,0.991412,0.991412,0.991412,0.991412,0.991412,0.991412,0.991412,0.991412,0.991412,0.991412,0.991412,0.991412,0.991412,0.991412,0.991412,0.991412,0.991412,0.991412,0.991412,0.991412,0.991412,0.991412,0.991412,0.991412,0.991412,0.991412,0.991412,0.991412,0.991412,0.991412,0.991412,0.991412,0.991412,0.991412,0.991412,0.991412,0.991412,0.991412,0.991412,0.991412,0.991412,0.991412,0.991412,0.991412,0.991412,0.991412,0.991412,0.991412,0.991412,0.991412,0.991412,0.991412,0.990481,0.992754,0.994794,0.996407,0.997513,0.998112,0.957008,0.954244,0.944894,0.927217,0.895771,0.844030,0.659418,0.991251,0.991251,0.975205,0.978795,0.906527,0.923930,0.896252,0.908308,0.908000,0.905868,0.891959,0.931537,0.892742,0.991114,0.989943,0.991412,0.991412,0.991412,0.991412,0.991412,0.991412,0.991412,0.991412,0.991412,0.991412,0.991412,0.991412,0.991412,0.991412,0.991412,0.991412,0.991412,0.991412,0.991412,0.991412,0.991412,0.991412,0.991412,0.991412,0.991412,0.991412,0.991412,0.991412,0.991412,0.991412,0.991412,0.991412,0.991412,0.991412,0.991412,0.991412,0.991412,0.991412,0.991412,0.991412,0.991412,0.991412,0.991412,0.991412,0.991412,0.991412,0.991412,0.991412,0.991412,0.991412,0.991412,0.991412,0.991412,0.991412,0.991412,0.991412,0.991412
0.991412,0.991412,0.991412,0.991412,0.991412,0.991412,0.991412,0.991412,0.991412,0.991412,0.991412,0.991412,0.991412,0.991412,0.991412,0.991412,0.991412,0.991412,0.991412,0.991412,0.991412,0.991412,0.991412,0.991412,0.991412,0.991412,0.991412,0.991412,0.991412,0.991412,0.991412,0.991412,0.991412,0.991412,0.991412,0.991412,0.991412,0.991412,0.991412,0.991412,0.991412,0.991412,0.991412,0.991412,0.991412,0.991412,0.991412,0.991412,0.991412,0.991412,0.991412,0.991412,0.991412,0.991412,0.991412,0.991412,0.991412,0.991412,0.991412,0.991412,0.991489,0.993289,0.995119,0.996589,0.997451,0.954781,0.957754,0.956094,0.951485,0.941742,0.926482,0.908547,0.998548,0.998548,0.989405,0.986727,0.937590,0.943620,0.912843,0.912534,0.900324,0.889383,0.862985,0.905246,0.837821,0.989764,0.991412,0.991412,0.991412,0.991412,0.991412,0.991412,0.991412,0.991412,0.991412,0.991412,0.991412,0.991412,0.991412,0.991412,0.991412,0.991412,0.991412,0.991412,0.991412,0.991412,0.991412,0.991412,0.991412,0.991412,0.991412,0.991412,0.991412,0.991412,0.991412,0.991412,0.991412,0.991412,0.991412,0.991412,0.991412,0.991412,0.991412,0.991412,0.991412,0.991412,0.991412,0.991412,0.991412,0.991412,0.991412,0.991412,0.991412,0.991412,0.991412,0.991412,0.991412,0.991412,0.991412,0.991412,0.991412,0.991412,0.991412,0.991412
0.991412,0.991412,0.991412,0.991412,0.991412,0.991412,0.991412,0.991412,0.991412,0.991412,0.991412,0.991412,0.991412,0.991412,0.991412,0.991412,0.991412,0.991412,0.991412,0.991412,0.991412,0.991412,0.991412,0.991412,0.991412,0.991412,0.991412,0.991412,0.991412,0.991412,0.991412,0.991412,0.991412,0.991412,0.991412,0.991412,0.991412,0.991412,0.991412,0.991412,0.991412,0.991412,0.991412,0.991412,0.991412,0.991412,0.991412,0.991412,0.991412,0.991412,0.991412,0.991412,0.991412,0.991412,0.991412,0.991412,0.991412,0.991412,0.991412,0.991412,0.991412,0.991489,0.993289,0.995119,0.996294,0.943817,0.953666,0.957389,0.957544,0.955268,0.950817,0.946683,0.998571,0.998571,0.992541,0.989496,0.947863,0.947419,0.911121,0.900154,0.867900,0.840301,0.779378,0.815842,0.599648,0.991412,0.991412,0.991412,0.991412,0.991412,0.991412,0.991412,0.991412,0.991412,0.991412,0.991412,0.991412,0.991412,0.991412,0.991412,0.991412,0.991412,0.991412,0.991412,0.991412,0.991412,0.991412,0.991412,0.991412,0.991412,0.991412,0.991412,0.991412,0.991412,0.991412,0.991412,0.991412,0.991412,0.991412,0.991412,0.991412,0.991412,0.991412,0.991412,0.991412,0.991412,0.991412,0.991412,0.991412,0.991412,0.991412,0.991412,0.991412,0.991412,0.991412,0.991412,0.991412,0.991412,0.991412,0.991412,0.991412,0.991412,0.991412,0.991412
0.991412,0.991412,0.991412,0.991412,0.991412,0.991412,0.991412,0.991412,0.991412,0.991412,0.991412,0.991412,0.991412,0.991412,0.991412,0.991412,0.991412,0.991412,0.991412,0.991412,0.991412,0.991412,0.991412,0.991412,0.991412,0.991412,0.991412,0.991412,0.991412,0.991412,0.991412,0.991412,0.991412,0.991412,0.991412,0.991412,0.991412,0.991412,0.991412,0.991412,0.991412,0.991412,0.991412,0.991412,0.991412,0.991412,0.991412,0.991412,0.991412,0.991412,0.991412,0.991412,0.991412,0.991412,0.991412,0.991412,0.991412,0.991412,0.991412,0.991412,0.991412,0.991412,0.991489,0.993289,0.994600,0.918279,0.940565,0.950715,0.955694,0.957644,0.956799,0.955895,0.998445,0.998445,0.993100,0.989752,0.947688,0.942492,0.895865,0.870606,0.799162,0.742145,0.619334,0.655092,0.349912,0.991412,0.991412,0.991412,0.991412,0.991412,0.991412,0.991412,0.991412,0.991412,0.991412,0.991412,0.991412,0.991412,0.991412,0.991412,0.991412,0.991412,0.991412,0.991412,0.991412,0.991412,0.991412,0.991412,0.991412,0.991412,0.991412,0.991412,0.991412,0.991412,0.991412,0.991412,0.991412,0.991412,0.991412,0.991412,0.991412,0.991412,0.991412,0.991412,0.991412,0.991412,0.991412,0.991412,0.991412,0.991412,0.991412,0.991412,0.991412,0.991412,0.991412,0.991412,0.991412,0.991412,0.991412,0.991412,0.991412,0.991412,0.991412,0.991412
0.991412,0.991412,0.991412,0.991412,0.991412,0.991412,0.991412,0.991412,0.991412,0.991412,0.991412,0.991412,0.991412,0.991412,0.991412,0.991412,0.991412,0.991412,0.991412,0.991412,0.991412,0.991412,0.991412,0.991412,0.991412,0.991412,0.991412,0.991412,0.991412,0.991412,0.991412,0.991412,0.991412,0.991412,0.991412,0.991412,0.991412,0.991412,0.991412,0.991412,0.991412,0.991412,0.991412,0.991412,0.991412,0.991412,0.991412,0.991412,0.991412,0.991412,0.991412,0.991412,0.991412,0.991412,0.991412,0.991412,0.991412,0.991412,0.991412,0.991412,0.991412,0.991412,0.991412,0.991489,0.992460,0.845912,0.908390,0.931828,0.943817,0.952321,0.954668,0.955923,0.998131,0.998131,0.992596,0.988572,0.939158,0.926666,0.906170,0.867275,0.702451,0.555178,0.142912,0.990965,0.991412,0.991412,0.991412,0.991412,0.991412,0.991412,0.991412,0.991412,0.991412,0.991412,0.991412,0.991412,0.991412,0.991412,0.991412,0.991412,0.991412,0.991412,0.991412,0.991412,0.991412,0.991412,0.991412,0.991412,0.991412,0.991412,0.991412,0.991412,0.991412,0.991412,0.991412,0.991412,0.991412,0.991412,0.991412,0.991412,0.991412,0.991412,0.991412,0.991412,0.991412,0.991412,0.991412,0.991412,0.991412,0.991412,0.991412,0.991412,0.991412,0.991412,0.991412,0.991412,0.991412,0.991412,0.991412,0.991412,0.991412,0.991412,0.991412,0.991412
0.991412,0.991412,0.991412,0.991412,0.991412,0.991412,0.991412,0.991412,0.991412,0.991412,0.991412,0.991412,0.991412,0.991412,0.991412,0.991412,0.991412,0.991412,0.991412,0.991412,0.991412,0.991412,0.991412,0.991412,0.991412,0.991412,0.991412,0.991412,0.991412,0.991412,0.991412,0.991412,0.991412,0.991412,0.991412,0.991412,0.991412,0.991412,0.991412,0.991412,0.991412,0.991412,0.991412,0.991412,0.991412,0.991412,0.991412,0.991412,0.991412,0.991412,0.991412,0.991412,0.991412,0.991412,0.991412,0.991412,0.991412,0.991412,0.991412,0.991412,0.991412,0.991412,0.991412,0.991412,0.991412,0.078385,0.792886,0.875766,0.908390,0.931828,0.941874,0.947051,0.997427,0.997427,0.990558,0.984865,0.980719,0.974009,0.962889,0.938418,0.339322,0.550243,0.991412,0.991412,0.991412,0.991412,0.991412,0.991412,0.991412,0.991412,0.991412,0.991412,0.991412,0.991412,0.991412,0.991412,0.991412,0.991412,0.991412,0.991412,0.991412,0.991412,0.991412,0.991412,0.991412,0.991412,0.991412,0.991412,0.991412,0.991412,0.991412,0.991412,0.991412,0.991412,0.991412,0.991412,0.991412,0.991412,0.991412,0.991412,0.991412,0.991412,0.991412,0.991412,0.991412,0.991412,0.991412,0.991412,0.991412,0.991412,0.991412,0.991412,0.991412,0.991412,0.991412,0.991412,0.991412,0.991412,0.991412,0.991412,0.991412,0.991412,0.991412,0.991412
0.991412,0.991412,0.991412,0.991412,0.991412,0.991412,0.991412,0.991412,0.991412,0.991412,0.991412,0.991412,0.991412,0.991412,0.991412,0.991412,0.991412,0.991412,0.991412,0.991412,0.991412,0.991412,0.991412,0.991412,0.991412,0.991412,0.991412,0.991412,0.991412,0.991412,0.991412,0.991412,0.991412,0.991412,0.991412,0.991412,0.991412,0.991412,0.991412,0.991412,0.991412,0.991412,0.991412,0.991412,0.991412,0.991412,0.991412,0.991412,0.991412,0.991412,0.991412,0.991412,0.991412,0.991412,0.991412,0.991412,0.991412,0.991412,0.991412,0.991412,0.991412,0.991412,0.991412,0.991412,0.991412,0.991412,0.991489,0.992460,0.993289,0.994600,0.995193,0.995483,0.995714,0.995714,0.995290,0.994785,0.993407,0.992304,0.991695,0.991489,0.991412,0.991412,0.991412,0.991412,0.991412,0.991412,0.991412,0.991412,0.991412,0.991412,0.991412,0.991412,0.991412,0.991412,0.991412,0.991412,0.991412,0.991412,0.991412,0.991412,0.991412,0.991412,0.991412,0.991412,0.991412,0.991412,0.991412,0.991412,0.991412,0.991412,0.991412,0.991412,0.991412,0.991412,0.991412,0.991412,0.991412,0.991412,0.991412,0.991412,0.991412,0.991412,0.991412,0.991412,0.991412,0.991412,0.991412,0.991412,0.991412,0.991412,0.991412,0.991412,0.991412,0.991412,0.991412,0.991412,0.991412,0.991412,0.991412,0.991412,0.991412,0.991412,0.991412,0.991412
0.991412,0.991412,0.991412,0.991412,0.991412,0.991412,0.991412,0.991412,0.991412,0.991412,0.991412,0.991412,0.991412,0.991412,0.991412,0.991412,0.991412,0.991412,0.991412,0.991412,0.991412,0.991412,0.991412,0.991412,0.991412,0.991412,0.991412,0.991412,0.991412,0.991412,0.991412,0.991412,0.991412,0.991412,0.991412,0.991412,0.991412,0.991412,0.991412,0.991412,0.991412,0.991412,0.991412,0.991412,0.991412,0.991412,0.991412,0.991412,0.991412,0.991412,0.991412,0.991412,0.991412,0.991412,0.991412,0.991412,0.991412,0.991412,0.991412,0.991412,0.991412,0.991412,0.991412,0.991412,0.991412,0.991412,0.991412,0.991412,0.991412,0.991489,0.991621,0.991621,0.991621,0.991621,0.991621,0.991621,0.989548,0.991412,0.991412,0.991412,0.991412,0.991412,0.991412,0.991412,0.991412,0.991412,0.991412,0.991412,0.991412,0.991412,0.991412,0.991412,0.991412,0.991412,0.991412,0.991412,0.991412,0.991412,0.991412,0.991412,0.991412,0.991412,0.991412,0.991412,0.991412,0.991412,0.991412,0.991412,0.991412,0.991412,0.991412,0.991412,0.991412,0.991412,0.991412,0.991412,0.991412,0.991412,0.991412,0.991412,0.991412,0.991412,0.991412,0.991412,0.991412,0.991412,0.991412,0.991412,0.991412,0.991412,0.991412,0.991412,0.991412,0.991412,0.991412,0.991412,0.991412,0.991412,0.991412,0.991412,0.991412,0.991412,0.991412,0.991412
0.991412,0.991412,0.991412,0.991412,0.991412,0.991412,0.991412,0.991412,0.991412,0.991412,0.991412,0.991412,0.991412,0.991412,0.991412,0.991412,0.991412,0.991412,0.991412,0.991412,0.991412,0.991412,0.991412,0.991412,0.991412,0.991412,0.991412,0.991412,0.991412,0.991412,0.991412,0.991412,0.991412,0.991412,0.991412,0.991412,0.991412,0.991412,0.991412,0.991412,0.991412,0.991412,0.991412,0.991412,0.991412,0.991412,0.991412,0.991412,0.991412,0.991412,0.991412,0.991412,0.991412,0.991412,0.991412,0.991412,0.991412,0.991412,0.991412,0.991412,0.991412,0.991412,0.991412,0.991412,0.991412,0.991412,0.991412,0.991412,0.991412,0.991412,0.991412,0.991412,0.991412,0.991412,0.991412,0.991412,0.991412,0.991412,0.991412,0.991412,0.991412,0.991412,0.991412,0.991412,0.991412,0.991412,0.991412,0.991412,0.991412,0.991412,0.991412,0.991412,0.991412,0.991412,0.991412,0.991412,0.991412,0.991412,0.991412,0.991412,0.991412,0.991412,0.991412,0.991412,0.991412,0.991412,0.991412,0.991412,0.991412,0.991412,0.991412,0.991412,0.991412,0.991412,0.991412,0.991412,0.991412,0.991412,0.991412,0.991412,0.991412,0.991412,0.991412,0.991412,0.991412,0.991412,0.991412,0.991412,0.991412,0.991412,0.991412,0.991412,0.991412,0.991412,0.991412,0.991412,0.991412,0.991412,0.991412,0.991412,0.991412,0.991412,0.991412,0.991412
0.991412,0.991412,0.991412,0.991412,0.991412,0.991412,0.991412,0.991412,0.991412,0.991412,0.991412,0.991412,0.991412,0.991412,0.991412,0.991412,0.991412,0.991412,0.991412,0.991412,0.991412,0.991412,0.991412,0.991412,0.991412,0.991412,0.991412,0.991412,0.991412,0.991412,0.991412,0.991412,0.991412,0.991412,0.991412,0.991412,0.991412,0.991412,0.991412,0.991412,0.991412,0.991412,0.991412,0.991412,0.991412,0.991412,0.991412,0.991412,0.991412,0.991412,0.991412,0.991412,0.991412,0.991412,0.991412,0.991412,0.991412,0.991412,0.991412,0.991412,0.991412,0.991412,0.991412,0.991412,0.991412,0.991412,0.991412,0.991412,0.991412,0.991412,0.991412,0.991412,0.991412,0.991412,0.991412,0.991412,0.991412,0.991412,0.991412,0.991412,0.991412,0.991412,0.991412,0.991412,0.991412,0.991412,0.991412,0.991412,0.991412,0.991412,0.991412,0.991412,0.991412,0.991412,0.991412,0.991412,0.991412,0.991412,0.991412,0.991412,0.991412,0.991412,0.991412,0.991412,0.991412,0.991412,0.991412,0.991412,0.991412,0.991412,0.991412,0.991412,0.991412,0.991412,0.991412,0.991412,0.991412,0.991412,0.991412,0.991412,0.991412,0.991412,0.991412,0.991412,0.991412,0.991412,0.991412,0.991412,0.991412,0.991412,0.991412,0.991412,0.991412,0.991412,0.991412,0.991412,0.991412,0.991412,0.991412,0.991412,0.991412,0.991412,0.991412,0.991412
0.991412,0.991412,0.991412,0.991412,0.991412,0.991412,0.991412,0.991412,0.991412,0.991412,0.991412,0.991412,0.991412,0.991412,0.991412,0.991412,0.991412,0.991412,0.991412,0.991412,0.991412,0.991412,0.991412,0.991412,0.991412,0.991412,0.991412,0.991412,0.991412,0.991412,0.991412,0.991412,0.991412,0.991412,0.991412,0.991412,0.991412,0.991412,0.991412,0.991412,0.991412,0.991412,0.991412,0.991412,0.991412,0.991412,0.991412,0.991412,0.991412,0.991412,0.991412,0.991412,0.991412,0.991412,0.991412,0.991412,0.991412,0.991412,0.991412,0.991412,0.991412,0.991412,0.991412,0.991412,0.991412,0.991412,0.991412,0.991412,0.991412,0.991412,0.991412,0.991412,0.991412,0.991412,0.991412,0.991412,0.991412,0.991412,0.991412,0.991412,0.991412,0.991412,0.991412,0.991412,0.991412,0.991412,0.991412,0.991412,0.991412,0.991412,0.991412,0.991412,0.991412,0.991412,0.991412,0.991412,0.991412,0.991412,0.991412,0.991412,0.991412,0.991412,0.991412,0.991412,0.991412,0.991412,0.991412,0.991412,0.991412,0.991412,0.991412,0.991412,0.991412,0.991412,0.991412,0.991412,0.991412,0.991412,0.991412,0.991412,0.991412,0.991412,0.991412,0.991412,0.991412,0.991412,0.991412,0.991412,0.991412,0.991412,0.991412,0.991412,0.991412,0.991412,0.991412,0.991412,0.991412,0.991412,0.991412,0.991412,0.991412,0.991412,0.991412,0.991412
0.991412,0.991412,0.991412,0.991412,0.991412,0.991412,0.991412,0.991412,0.991412,0.991412,0.991412,0.991412,0.991412,0.991412,0.991412,0.991412,0.991412,0.991412,0.991412,0.991412,0.991412,0.991412,0.991412,0.991412,0.991412,0.991412,0.991412,0.991412,0.991412,0.991412,0.991412,0.991412,0.991412,0.991412,0.991412,0.991412,0.991412,0.991412,0.991412,0.991412,0.991412,0.991412,0.991412,0.991412,0.991412,0.991412,0.991412,0.991412,0.991412,0.991412,0.991412,0.991412,0.991412,0.991412,0.991412,0.991412,0.991412,0.991412,0.991412,0.991412,0.991412,0.991412,0.991412,0.991412,0.991412,0.991412,0.991412,0.991412,0.991412,0.991412,0.991412,0.991412,0.991412,0.991412,0.991412,0.991412,0.991412,0.991412,0.991412,0.991412,0.991412,0.991412,0.991412,0.991412,0.991412,0.991412,0.991412,0.991412,0.991412,0.991412,0.991412,0.991412,0.991412,0.991412,0.991412,0.991412,0.991412,0.991412,0.991412,0.991412,0.991412,0.991412,0.991412,0.991412,0.991412,0.991412,0.991412,0.991412,0.991412,0.991412,0.991412,0.991412,0.991412,0.991412,0.991412,0.991412,0.991412,0.991412,0.991412,0.991412,0.991412,0.991412,0.991412,0.991412,0.991412,0.991412,0.991412,0.991412,0.991412,0.991412,0.991412,0.991412,0.991412,0.991412,0.991412,0.991412,0.991412,0.991412,0.991412,0.991412,0.991412,0.991412,0.991412,0.991412
0.991412,0.991412,0.991412,0.991412,0.991412,0.991412,0.991412,0.991412,0.991412,0.991412,0.991412,0.991412,0.991412,0.991412,0.991412,0.991412,0.991412,0.991412,0.991412,0.991412,0.991412,0.991412,0.991412,0.991412,0.991412,0.991412,0.991412,0.991412,0.991412,0.991412,0.991412,0.991412,0.991412,0.991412,0.991412,0.991412,0.991412,0.991412,0.991412,0.991412,0.991412,0.991412,0.991412,0.991412,0.991412,0.991412,0.991412,0.991412,0.991412,0.991412,0.991412,0.991412,0.991412,0.991412,0.991412,0.991412,0.991412,0.991412,0.991412,0.991412,0.991412,0.991412,0.991412,0.991412,0.991412,0.991412,0.991412,0.991412,0.991412,0.991412,0.991412,0.991412,0.991412,0.991412,0.991412,0.991412,0.991412,0.991412,0.991412,0.991412,0.991412,0.991412,0.991412,0.991412,0.991412,0.991412,0.991412,0.991412,0.991412,0.991412,0.991412,0.991412,0.991412,0.991412,0.991412,0.991412,0.991412,0.991412,0.991412,0.991412,0.991412,0.991412,0.991412,0.991412,0.991412,0.991412,0.991412,0.991412,0.991412,0.991412,0.991412,0.991412,0.991412,0.991412,0.991412,0.991412,0.991412,0.991412,0.991412,0.991412,0.991412,0.991412,0.991412,0.991412,0.991412,0.991412,0.991412,0.991412,0.991412,0.991412,0.991412,0.991412,0.991412,0.991412,0.991412,0.991412,0.991412,0.991412,0.991412,0.991412,0.991412,0.991412,0.991412,0.991412
0.991412,0.991412,0.991412,0.991412,0.991412,0.991412,0.991412,0.991412,0.991412,0.991412,0.991412,0.991412,0.991412,0.991412,0.991412,0.991412,0.991412,0.991412,0.991412,0.991412,0.991412,0.991412,0.991412,0.991412,0.991412,0.991412,0.991412,0.991412,0.991412,0.991412,0.991412,0.991412,0.991412,0.991412,0.991412,0.991412,0.991412,0.991412,0.991412,0.991412,0.991412,0.991412,0.991412,0.991412,0.991412,0.991412,0.991412,0.991412,0.991412,0.991412,0.991412,0.991412,0.991412,0.991412,0.991412,0.991412,0.991412,0.991412,0.991412,0.991412,0.991412,0.991412,0.991412,0.991412,0.991412,0.991412,0.991412,0.991412,0.991412,0.991412,0.991412,0.991412,0.991412,0.991412,0.991412,0.991412,0.991412,0.991412,0.991412,0.991412,0.991412,0.991412,0.991412,0.991412,0.991412,0.991412,0.991412,0.991412,0.991412,0.991412,0.991412,0.991412,0.991412,0.991412,0.991412,0.991412,0.991412,0.991412,0.991412,0.991412,0.991412,0.991412,0.991412,0.991412,0.991412,0.991412,0.991412,0.991412,0.991412,0.991412,0.991412,0.991412,0.991412,0.991412,0.991412,0.991412,0.991412,0.991412,0.991412,0.991412,0.991412,0.991412,0.991412,0.991412,0.991412,0.991412,0.991412,0.991412,0.991412,0.991412,0.991412,0.991412,0.991412,0.991412,0.991412,0.991412,0.991412,0.991412,0.991412,0.991412,0.991412,0.991412,0.991412,0.991412
0.991412,0.991412,0.991412,0.991412,0.991412,0.991412,0.991412,0.991412,0.991412,0.991412,0.991412,0.991412,0.991412,0.991412,0.991412,0.991412,0.991412,0.991412,0.991412,0.991412,0.991412,0.991412,0.991412,0.991412,0.991412,0.991412,0.991412,0.991412,0.991412,0.991412,0.991412,0.991412,0.991412,0.991412,0.991412,0.991412,0.991412,0.991412,0.991412,0.991412,0.991412,0.991412,0.991412,0.991412,0.991412,0.991412,0.991412,0.991412,0.991412,0.991412,0.991412,0.991412,0.991412,0.991412,0.991412,0.991412,0.991412,0.991412,0.991412,0.991412,0.991412,0.991412,0.991412,0.991412,0.991412,0.991412,0.991412,0.991412,0.991412,0.991412,0.991412,0.991412,0.991412,0.991412,0.991412,0.991412,0.991412,0.991412,0.991412,0.991412,0.991412,0.991412,0.991412,0.991412,0.991412,0.991412,0.991412,0.991412,0.991412,0.991412,0.991412,0.991412,0.991412,0.991412,0.991412,0.991412,0.991412,0.991412,0.991412,0.991412,0.991412,0.991412,0.991412,0.991412,0.991412,0.991412,0.991412,0.991412,0.991412,0.991412,0.991412,0.991412,0.991412,0.991412,0.991412,0.991412,0.991412,0.991412,0.991412,0.991412,0.991412,0.991412,0.991412,0.991412,0.991412,0.991412,0.991412,0.991412,0.991412,0.991412,0.991412,0.991412,0.991412,0.991412,0.991412,0.991412,0.991412,0.991412,0.991412,0.991412,0.991412,0.991412,0.991412,0.991412
0.991412,0.991412,0.991412,0.991412,0.991412,0.991412,0.991412,0.991412,0.991412,0.991412,0.991412,0.991412,0.991412,0.991412,0.991412,0.991412,0.991412,0.991412,0.991412,0.991412,0.991412,0.991412,0.991412,0.991412,0.991412,0.991412,0.991412,0.991412,0.991412,0.991412,0.991412,0.991412,0.991412,0.991412,0.991412,0.991412,0.991412,0.991412,0.991412,0.991412,0.991412,0.991412,0.991412,0.991412,0.991412,0.991412,0.991412,0.991412,0.991412,0.991412,0.991412,0.991412,0.991412,0.991412,0.991412,0.991412,0.991412,0.991412,0.991412,0.991412,0.991412,0.991412,0.991412,0.991412,0.991412,0.991412,0.991412,0.991412,0.991412,0.991412,0.991412,0.991412,0.991412,0.991412,0.991412,0.991412,0.991412,0.991412,0.991412,0.991412,0.991412,0.991412,0.991412,0.991412,0.991412,0.991412,0.991412,0.991412,0.991412,0.991412,0.991412,0.991412,0.991412,0.991412,0.991412,0.991412,0.991412,0.991412,0.991412,0.991412,0.991412,0.991412,0.991412,0.991412,0.991412,0.991412,0.991412,0.991412,0.991412,0.991412,0.991412,0.991412,0.991412,0.991412,0.991412,0.991412,0.991412,0.991412,0.991412,0.991412,0.991412,0.991412,0.991412,0.991412,0.991412,0.991412,0.991412,0.991412,0.991412,0.991412,0.991412,0.991412,0.991412,0.991412,0.991412,0.991412,0.991412,0.991412,0.991412,0.991412,0.991412,0.991412,0.991412,0.991412
0.991412,0.991412,0.991412,0.991412,0.991412,0.991412,0.991412,0.991412,0.991412,0.991412,0.991412,0.991412,0.991412,0.991412,0.991412,0.991412,0.991412,0.991412,0.991412,0.991412,0.991412,0.991412,0.991412,0.991412,0.991412,0.991412,0.991412,0.991412,0.991412,0.991412,0.991412,0.991412,0.991412,0.991412,0.991412,0.991412,0.991412,0.991412,0.991412,0.991412,0.991412,0.991412,0.991412,0.991412,0.991412,0.991412,0.991412,0.991412,0.991412,0.991412,0.991412,0.991412,0.991412,0.991412,0.991412,0.991412,0.991412,0.991412,0.991412,0.991412,0.991412,0.991412,0.991412,0.991412,0.991412,0.991412,0.991412,0.991412,0.991412,0.991412,0.991412,0.991412,0.991412,0.991412,0.991412,0.991412,0.991412,0.991412,0.991412,0.991412,0.991412,0.991412,0.991412,0.991412,0.991412,0.991412,0.991412,0.991412,0.991412,0.991412,0.991412,0.991412,0.991412,0.991412,0.991412,0.991412,0.991412,0.991412,0.991412,0.991412,0.991412,0.991412,0.991412,0.991412,0.991412,0.991412,0.991412,0.991412,0.991412,0.991412,0.991412,0.991412,0.991412,0.991412,0.991412,0.991412,0.991412,0.991412,0.991412,0.991412,0.991412,0.991412,0.991412,0.991412,0.991412,0.991412,0.991412,0.991412,0.991412,0.991412,0.991412,0.991412,0.991412,0.991412,0.991412,0.991412,0.991412,0.991412,0.991412,0.991412,0.991412,0.991412,0.991412,0.991412
0.991412,0.991412,0.991412,0.991412,0.991412,0.991412,0.991412,0.991412,0.991412,0.991412,0.991412,0.991412,0.991412,0.991412,0.991412,0.991412,0.991412,0.991412,0.991412,0.991412,0.991412,0.991412,0.991412,0.991412,0.991412,0.991412,0.991412,0.991412,0.991412,0.991412,0.991412,0.991412,0.991412,0.991412,0.991412,0.991412,0.991412,0.991412,0.991412,0.991412,0.991412,0.991412,0.991412,0.991412,0.991412,0.991412,0.991412,0.991412,0.991412,0.991412,0.991412,0.991412,0.991412,0.991412,0.991412,0.991412,0.991412,0.991412,0.991412,0.991412,0.991412,0.991412,0.991412,0.991412,0.991412,0.991412,0.991412,0.991412,0.991412,0.991412,0.991412,0.991412,0.991412,0.991412,0.991412,0.991412,0.991412,0.991412,0.991412,0.991412,0.991412,0.991412,0.991412,0.991412,0.991412,0.991412,0.991412,0.991412,0.991412,0.991412,0.991412,0.991412,0.991412,0.991412,0.991412,0.991412,0.991412,0.991412,0.991412,0.991412,0.991412,0.991412,0.991412,0.991412,0.991412,0.991412,0.991412,0.991412,0.991412,0.991412,0.991412,0.991412,0.991412,0.991412,0.991412,0.991412,0.991412,0.991412,0.991412,0.991412,0.991412,0.991412,0.991412,0.991412,0.991412,0.991412,0.991412,0.991412,0.991412,0.991412,0.991412,0.991412,0.991412,0.991412,0.991412,0.991412,0.991412,0.991412,0.991412,0.991412,0.991412,0.991412,0.991412,0.991412
0.991412,0.991412,0.991412,0.991412,0.991412,0.991412,0.991412,0.991412,0.991412,0.991412,0.991412,0.991412,0.991412,0.991412,0.991412,0.991412,0.991412,0.991412,0.991412,0.991412,0.991412,0.991412,0.991412,0.991412,0.991412,0.991412,0.991412,0.991412,0.991412,0.991412,0.991412,0.991412,0.991412,0.991412,0.991412,0.991412,0.991412,0.991412,0.991412,0.991412,0.991412,0.991412,0.991412,0.991412,0.991412,0.991412,0.991412,0.991412,0.991412,0.991412,0.991412,0.991412,0.991412,0.991412,0.991412,0.991412,0.991412,0.991412,0.991412,0.991412,0.991412,0.991412,0.991412,0.991412,0.991412,0.991412,0.991412,0.991412,0.991412,0.991412,0.991412,0.991412,0.991412,0.991412,0.991412,0.991412,0.991412,0.991412,0.991412,0.991412,0.991412,0.991412,0.991412,0.991412,0.991412,0.991412,0.991412,0.991412,0.991412,0.991412,0.991412,0.991412,0.991412,0.991412,0.991412,0.991412,0.991412,0.991412,0.991412,0.991412,0.991412,0.991412,0.991412,0.991412,0.991412,0.991412,0.991412,0.991412,0.991412,0.991412,0.991412,0.991412,0.991412,0.991412,0.991412,0.991412,0.991412,0.991412,0.991412,0.991412,0.991412,0.991412,0.991412,0.991412,0.991412,0.991412,0.991412,0.991412,0.991412,0.991412,0.991412,0.991412,0.991412,0.991412,0.991412,0.991412,0.991412,0.991412,0.991412,0.991412,0.991412,0.991412,0.991412,0.991412
0.991412,0.991412,0.991412,0.991412,0.991412,0.991412,0.991412,0.991412,0.991412,0.991412,0.991412,0.991412,0.991412,0.991412,0.991412,0.991412,0.991412,0.991412,0.991412,0.991412,0.991412,0.991412,0.991412,0.991412,0.991412,0.991412,0.991412,0.991412,0.991412,0.991412,0.991412,0.991412,0.991412,0.991412,0.991412,0.991412,0.991412,0.991412,0.991412,0.991412,0.991412,0.991412,0.991412,0.991412,0.991412,0.991412,0.991412,0.991412,0.991412,0.991412,0.991412,0.991412,0.991412,0.991412,0.991412,0.991412,0.991412,0.991412,0.991412,0.991412,0.991412,0.991412,0.991412,0.991412,0.991412,0.991412,0.991412,0.991412,0.991412,0.991412,0.991412,0.991412,0.991412,0.991412,0.991412,0.991412,0.991412,0.991412,0.991412,0.991412,0.991412,0.991412,0.991412,0.991412,0.991412,0.991412,0.991412,0.991412,0.991412,0.991412,0.991412,0.991412,0.991412,0.991412,0.991412,0.991412,0.991412,0.991412,0.991412,0.991412,0.991412,0.991412,0.991412,0.991412,0.991412,0.991412,0.991412,0.991412,0.991412,0.991412,0.991412,0.991412,0.991412,0.991412,0.991412,0.991412,0.991412,0.991412,0.991412,0.991412,0.991412,0.991412,0.991412,0.991412,0.991412,0.991412,0.991412,0.991412,0.991412,0.991412,0.991412,0.991412,0.991412,0.991412,0.991412,0.991412,0.991412,0.991412,0.991412,0.991412,0.991412,0.991412,0.991412,0.991412
0.991412,0.991412,0.991412,0.991412,0.991412,0.991412,0.991412,0.991412,0.991412,0.991412,0.991412,0.991412,0.991412,0.991412,0.991412,0.991412,0.991412,0.991412,0.991412,0.991412,0.991412,0.991412,0.991412,0.991412,0.991412,0.991412,0.991412,0.991412,0.991412,0.991412,0.991412,0.991412,0.991412,0.991412,0.991412,0.991412,0.991412,0.991412,0.991412,0.991412,0.991412,0.991412,0.991412,0.991412,0.991412,0.991412,0.991412,0.991412,0.991412,0.991412,0.991412,0.991412,0.991412,0.991412,0.991412,0.991412,0.991412,0.991412,0.991412,0.991412,0.991412,0.991412,0.991412,0.991412,0.991412,0.991412,0.991412,0.991412,0.991412,0.991412,0.991412,0.991412,0.991412,0.991412,0.991412,0.991412,0.991412,0.991412,0.991412,0.991412,0.991412,0.991412,0.991412,0.991412,0.991412,0.991412,0.991412,0.991412,0.991412,0.991412,0.991412,0.991412,0.991412,0.991412,0.991412,0.991412,0.991412,0.991412,0.991412,0.991412,0.991412,0.991412,0.991412,0.991412,0.991412,0.991412,0.991412,0.991412,0.991412,0.991412,0.991412,0.991412,0.991412,0.991412,0.991412,0.991412,0.991412,0.991412,0.991412,0.991412,0.991412,0.991412,0.991412,0.991412,0.991412,0.991412,0.991412,0.991412,0.991412,0.991412,0.991412,0.991412,0.991412,0.991412,0.991412,0.991412,0.991412,0.991412,0.991412,0.991412,0.991412,0.991412,0.991412,0.991412
0.991412,0.991412,0.991412,0.991412,0.991412,0.991412,0.991412,0.991412,0.991412,0.991412,0.991412,0.991412,0.991412,0.991412,0.991412,0.991412,0.991412,0.991412,0.991412,0.991412,0.991412,0.991412,0.991412,0.991412,0.991412,0.991412,0.991412,0.991412,0.991412,0.991412,0.991412,0.991412,0.991412,0.991412,0.991412,0.991412,0.991412,0.991412,0.991412,0.991412,0.991412,0.991412,0.991412,0.991412,0.991412,0.991412,0.991412,0.991412,0.991412,0.991412,0.991412,0.991412,0.991412,0.991412,0.991412,0.991412,0.991412,0.991412,0.991412,0.991412,0.991412,0.991412,0.991412,0.991412,0.991412,0.991412,0.991412,0.991412,0.991412,0.991412,0.991412,0.991412,0.991412,0.991412,0.991412,0.991412,0.991412,0.991412,0.991412,0.991412,0.991412,0.991412,0.991412,0.991412,0.991412,0.991412,0.991412,0.991412,0.991412,0.991412,0.991412,0.991412,0.991412,0.991412,0.991412,0.991412,0.991412,0.991412,0.991412,0.991412,0.991412,0.991412,0.991412,0.991412,0.991412,0.991412,0.991412,0.991412,0.991412,0.991412,0.991412,0.991412,0.991412,0.991412,0.991412,0.991412,0.991412,0.991412,0.991412,0.991412,0.991412,0.991412,0.991412,0.991412,0.991412,0.991412,0.991412,0.991412,0.991412,0.991412,0.991412,0.991412,0.991412,0.991412,0.991412,0.991412,0.991412,0.991412,0.991412,0.991412,0.991412,0.991412,0.991412,0.991412
0.991412,0.991412,0.991412,0.991412,0.991412,0.991412,0.991412,0.991412,0.991412,0.991412,0.991412,0.991412,0.991412,0.991412,0.991412,0.991412,0.991412,0.991412,0.991412,0.991412,0.991412,0.991412,0.991412,0.991412,0.991412,0.991412,0.991412,0.991412,0.991412,0.991412,0.991412,0.991412,0.991412,0.991412,0.991412,0.991412,0.991412,0.991412,0.991412,0.991412,0.991412,0.991412,0.991412,0.991412,0.991412,0.991412,0.991412,0.991412,0.991412,0.991412,0.991412,0.991412,0.991412,0.991412,0.991412,0.991412,0.991412,0.991412,0.991412,0.991412,0.991412,0.991412,0.991412,0.991412,0.991412,0.991412,0.991412,0.991412,0.991412,0.991412,0.991412,0.991412,0.991412,0.991412,0.991412,0.991412,0.991412,0.991412,0.991412,0.991412,0.991412,0.991412,0.991412,0.991412,0.991412,0.991412,0.991412,0.991412,0.991412,0.991412,0.991412,0.991412,0.991412,0.991412,0.991412,0.991412,0.991412,0.991412,0.991412,0.991412,0.991412,0.991412,0.991412,0.991412,0.991412,0.991412,0.991412,0.991412,0.991412,0.991412,0.991412,0.991412,0.991412,0.991412,0.991412,0.991412,0.991412,0.991412,0.991412,0.991412,0.991412,0.991412,0.991412,0.991412,0.991412,0.991412,0.991412,0.991412,0.991412,0.991412,0.991412,0.991412,0.991412,0.991412,0.991412,0.991412,0.991412,0.991412,0.991412,0.991412,0.991412,0.991412,0.991412,0.991412
